6.117834085213112e-6
1.836949364759854e-5
3.066934719583658e-5
4.305025965623074e-5
5.554622529125052e-5
6.819286746753188e-5
8.102799399652991e-5
9.409222375949403e-5
0.00010742971190693978
0.00012108900193550608
0.00013512404366470301
0.00014959542549361534
0.0001645718844185658
0.00018013217675834044
0.000196367419136496
0.00021338404518953682
0.00023130757176943967
0.00025028743276014236
0.0002705032225805826
0.00029217279668957964
0.00031556279797342163
0.0003410022931532659
0.0003689002479948918
0.0003997673899559339
0.000434242272636758
0.00047311945066293935
0.0005173736730421677
0.0005681672180245571
0.0006268195905401587
0.0006947180040183492
0.000773168947551618
0.0008632402018252336
0.0009656786516529558
0.0010809516690125458
0.001209370908520428
0.0013512155355115266
0.0015068059866956004
0.001676528858235387
0.0018608342841980108
0.0020602240398576123
0.0022752394837399375
0.002506452127551767
0.0027544568816861748
0.003019867300547399
0.003303312179630468
0.0036054330454563027
0.003926882243555102
0.004268321439462624
0.0046304204153240994
0.005013856085605745
0.005419311680400313
0.005847476060510662
0.006299043138421494
0.006774711385781794
0.007275183412735107
0.007801165607159047
0.008353367824174129
0.008932503118494202
0.009539287511876977
0.010174439790684884
0.010838681328451387
0.011532735929612487
0.012257329691556252
0.013013190881046814
0.013801049822388068
0.014621638796177408
0.015475691947247695
0.016363945199494224
0.01728713617657987
0.01824600412946385
0.019241289869417304
0.02027373570466678
0.021344085374093307
0.022453083994441663
0.023601478005163292
0.02479001512347091
0.02601944428901624
0.02729051561514969
0.02860398034967832
0.029960590839223453
0.03136110048057303
0.03280626368069808
0.03429683583580842
0.0358335732769154
0.03741723325369008
0.03904857389427214
0.040728354172335654
0.04245733388559531
0.04423627363282769
0.04606593476746762
0.04794707939514781
0.0498804703276549
0.05186687107799199
0.053907045830001776
0.056001759421571214
0.058151777310566415
0.06035786556463998
0.06262079084262115
0.06494132038353154
0.06732022197048403
0.06975826392490214
0.07225621506811535
0.07481484476912154
0.07743492283811589
0.08011721958424313
0.082862505777873
0.08567155262434499
0.0885451317532164
0.09148401523117013
0.09448897551496652
0.09756078546930581
0.10070021832184699
0.10390804769697312
0.107185047531011
0.1105319921871457
0.11394965627969592
0.11743881481855784
0.121000243095193
0.12463471673924248
0.12834301164560225
0.13212590402744234
0.13598417037419647
0.13991858744340768
0.14392993227486317
0.14801898214820008
0.15218651458542212
0.15643330739309122
0.1607601385640582
0.16516778635105975
0.16965702927196233
0.17422864590290654
0.1788834152751737
0.18362211637447334
0.1884455285413777
0.193354431214746
0.19834960410580246
0.20343182701331816
0.20860187998298085
0.21386054320538866
0.21920859703070175
0.22464682191842028
0.2301759985641772
0.23579690769854406
0.24151033030730082
0.24731704744892347
0.2532178403381891
0.2592134903293884
0.26530477885209436
0.2714924874729828
0.27777739789917366
0.28416029188732056
0.2906419513467956
0.29722315825683204
0.3039046947885667
0.3106873430317855
0.3175718852282547
0.32455910387070236
0.3316497812999103
0.3388447000563652
0.34614464273615136
0.35355039182441006
0.36106273025681523
0.3686824407063296
0.37641030596643765
0.3842471089923554
0.3921936327126113
0.40025066008417054
0.40841897404571487
0.41669935781164125
0.42509259427820606
0.4335994667808327
0.44222075833088986
0.45095725212411353
0.4598097313662782
0.46877897929813817
0.47786577911109096
0.48707091406993713
0.49639516741528883
0.505839322199459
0.5154041620492837
0.5250904699486582
0.5348990291468341
0.5448306230915203
0.5548860347777386
0.5650660474238635
0.5753714442355782
0.585803008327935
0.5963615229213283
0.6070477710696762
0.6178625358355638
0.6288066000997565
0.6398807469525036
0.6510857595084615
0.6624224204055701
0.6738915125392418
0.6854938186150054
0.6972301215915169
0.7091012037432557
0.7211078479533951
0.7332508368391821
0.745530952597471
0.757948977556695
0.7705056941044773
0.7832018845650006
0.7960383307368065
0.8090158147728587
0.8221351186493034
0.835397023855328
0.8488023127072227
0.8623517663467787
0.8760461662908552
0.8898862939182623
0.9038729305379594
0.9180068571791775
0.932288854910581
0.9467197044655488
0.9613001864113979
0.9760310814011953
0.9909131700156836
1.0059472321636815
1.0211340482691444
1.0364743979629774
1.0519690611105947
1.0676188174739059
1.0834244461391516
1.09938672628649
1.115506437343057
1.1317843575507378
1.1482212660408035
1.1648179411748418
1.1815751605954286
1.1984937026686913
1.2155743455967547
1.232817866373132
1.2502250421989416
1.2677966505253233
1.2855334684202657
1.3034362716700296
1.3215058369093702
1.3397429402681544
1.3581483575593338
1.3767228643213025
1.3954672354968636
1.4143822463302829
1.4334686713860083
1.4527272847127268
1.4721588607230727
1.4917641731217681
1.5115439948134803
1.5314990995271023
1.5516302599309577
1.571938247893166
1.5924238358759546
1.61308779552186
1.6339308978640852
1.6549539149202472
1.676157615807323
1.697542771674021
1.7191101522570702
1.7408605268283164
1.7627946643160097
1.7849133335086544
1.8072173022965263
1.8297073395018122
1.8523842108547957
1.875248684539731
1.8983015262925886
1.9215435024268746
1.9449753786921284
1.9685979201374468
1.9924118910822852
2.0164180557084865
2.0406171780667575
2.065010020524431
2.0895973462380195
2.114379917126908
2.139358495033888
2.1645338412606008
2.1899067161759667
2.215477879526072
2.2412480916054394
2.267218110387711
2.293388695129688
2.3197606028628885
2.3463345923691836
2.3731114189164573
2.4000918393316266
2.4272766089833078
2.454666483153188
2.482262216930316
2.5100645623541653
2.538074274262755
2.566292105316704
2.5947188075701924
2.6233551322792574
2.6522018297157595
2.68125965207286
2.710529347687962
2.740011666554392
2.7697073563343655
2.7996171661351235
2.829741842726988
2.860082133705689
2.890638784653587
2.921412541463243
2.9524041513654105
2.9836143558259356
3.0150438998014923
3.0466935290754957
3.0785639852902027
3.1106560107191346
3.142970348543643
3.1755077398711533
3.2082689263875905
3.241254649282971
3.2744656481974226
3.3079026646566385
3.341566436166095
3.375457704669154
3.409577207465442
3.443925684852886
3.4785038746058135
3.51331251544199
3.5483523461809456
3.583624105577379
3.6191285319584914
3.654866362568361
3.690838336341403
3.7270451926029393
3.7634876694760133
3.800166506447735
3.8370824423767376
3.874236217503001
3.91162857245447
3.9492602474402942
3.9871319828293452
4.025244524323585
4.063598613350616
4.102194994725882
4.141034412861636
4.180117614849671
4.219445349784413
4.2590183676535105
4.298837417947057
4.338903254576027
4.379216633894042
4.4197783125601795
4.460589052358731
4.501649614065335
4.542960762915553
4.584523268953517
4.626337906479114
4.668405447139694
4.7107266727919805
4.75330236718119
4.796133319626574
4.839220322716391
4.882564176109598
4.926165684022367
4.970025660208362
5.014144918272952
5.0585242861798685
5.103164594082864
5.14806668505159
5.193231406577916
5.238659620236025
5.28435219388663
5.330310010445365
5.37653395678579
5.423024942045276
5.4697838862292745
5.5168117202617495
5.564109391720388
5.61167787262682
5.659518139661126
5.707631205627088
5.7560180863050565
5.804679838332518
5.853617529457833
5.902832261722415
5.952325164903614
6.0020973958681045
6.052150152647197
6.10248466780943
6.153102210299287
6.204004097692641
6.25519169327066
6.306666416375098
6.3584297448305325
6.410483216081535
6.462828444987058
6.515467124643933
6.568401035907315
6.621632065373901
6.675162209237344
6.728993601497944
6.783128526337429
6.837569462085728
6.8923191129641035
6.947380491379681
