1.6295790097450273e-6
4.8981356581756875e-6
8.195176209946327e-6
1.1540670410410677e-5
1.4956132725746742e-5
1.8465397818226305e-5
2.2095577855715065e-5
2.587829343000695e-5
2.985131034570795e-5
3.4060779206231096e-5
3.856437812023237e-5
4.343582597598118e-5
4.877150343327385e-5
5.470034966829485e-5
6.139885995919257e-5
6.911388031731924e-5
7.819653334049947e-5
8.914892219365858e-5
0.00010267450588069854
0.00011969016245102281
0.00014121212295183184
0.00016809247910112073
0.00020083922932504695
0.00023972667441654944
0.00028500438144037977
0.0003369953893742357
0.0003960999221116713
0.00046277419588051986
0.0005375129969395399
0.0006208390405342878
0.0007132966054236912
0.0008154474537831087
0.0009278679997175588
0.001051147222378219
0.001185885067853788
0.0013326911979199118
0.0014921839976932965
0.0016649897810180458
0.0018517421471238502
0.0020530814516801707
0.0022696543627953535
0.002502113479237074
0.0027511169938462293
0.0030173283902002967
0.003301416164495955
0.003604053567498048
0.003925918363472397
0.0042676926041114085
0.004630062416257378
0.005013717802549775
0.005419352454084021
0.005847663574176909
0.0062993517130022015
0.0067751206116524
0.007275677055563054
0.007801730736358776
0.008353994121049929
0.008933182328906908
0.009540013014964129
0.010175206259586412
0.01083948446453613
0.011533572253349517
0.012258196378029076
0.013014085630282838
0.013801970758359474
0.014622584384663942
0.015476660932682991
0.016364936551236758
0.017288149048423417
0.018247037825332952
0.019242343815922318
0.02027480942367934
0.0213451784739723
0.02245419614750371
0.023602608940161186
0.02479116460844715
0.02602061212215854
0.027291701625765497
0.028605184392240034
0.029961812782696502
0.031362340203817375
0.03280752108118663
0.03429811081445757
0.03583486574572314
0.03741854311987372
0.039049901072776255
0.04072969858167281
0.04245869544504406
0.04423765225953311
0.04606733038471266
0.04794849192517864
0.04988189969500895
0.05186831720378735
0.05390850864060956
0.056003238832796266
0.05815327324587266
0.06035937793884261
0.0626223195758355
0.06494286539237971
0.06732178318822317
0.06975984124992056
0.0722578084257487
0.07481645405571946
0.07743654800203181
0.08011886052919276
0.08286416239305648
0.08567322483643248
0.08854681947343256
0.09148571838318681
0.0944906940052615
0.09756251919342303
0.10070196720124022
0.10390981161008075
0.10718682642104534
0.11053378594713842
0.11395146484373664
0.11744063803896868
0.12100208093573124
0.12463656905113327
0.12834487834871555
0.13212778502829559
0.1359860655884182
0.139920496745824
0.14393185559660227
0.14802091934823
0.1521884655895644
0.15643527208961258
0.1607621169129806
0.16516977823288848
0.16965903451131403
0.17423066451132999
0.17888544703610212
0.18362416123489292
0.1884475863517181
0.19335650194987444
0.1983516875908584
0.2034339232534046
0.20860398882445938
0.21386266451890631
0.2192107306934161
0.2246489678825021
0.2301781566413673
0.2357990778287352
0.24151251239451316
0.24731924139376593
0.2532200461036329
0.25921570774511277
0.2653070077313709
0.2714947278036273
0.27777964961450463
0.2841625547819071
0.2906442254387547
0.2972254433018032
0.30390699076538485
0.3106896497976366
0.3175742026911051
0.32456143197833104
0.3316521199039326
0.3388470489502749
0.34614700198275156
0.3535527613345619
0.36106510975934647
0.3686848302199508
0.37641270539702043
0.3842495182099718
0.39219605147638686
0.4002530883435764
0.4084214118474635
0.41670180498821313
0.42509505065827147
0.43360193229213545
0.4422232329419367
0.450959735709813
0.45981222385828624
0.4687814803831798
0.47786828890670835
0.48707343233674194
0.49639769407156686
0.5058418574544614
0.5154067054430534
0.5250930214244911
0.5349015887174048
0.5448331905394302
0.5548886100899038
0.5650686305972545
0.5753740348173608
0.5858056065089984
0.5963641285906145
0.6070503839780205
0.6178651561466274
0.6288092276258918
0.6398833815260593
0.6510884008285198
0.6624250685978698
0.6738941674556187
0.6854964803224317
0.6972327897015574
0.7091038786828902
0.7211105291579577
0.7332535242336111
0.7455336461786096
0.7579516773093689
0.7705083997396126
0.783204595964838
0.7960410480236293
0.8090185378590873
0.8221378472919713
0.8353997582857597
0.8488050523810658
0.8623545115973751
0.8760489169236582
0.8898890496745984
0.9038756911703992
0.9180096231278624
0.9322916255877812
0.9467224798399141
0.9613029667177404
0.9760338661901838
0.9909159594460948
1.0059500260360899
1.0211368466082993
1.0364772007573924
1.051971868206644
1.0676216284858877
1.0834272612314992
1.0993895452344455
1.115509260032122
1.1317871843052703
1.1482240967784765
1.1648207751512913
1.181577998556395
1.1984965441470494
1.2155771901775974
1.2328207139573462
1.2502278934088082
1.2677995049160689
1.2855363254033323
1.3034391317095215
1.3215087000066514
1.339745806485892
1.3581512260880626
1.3767257355720508
1.3954701095141522
1.414385122872301
1.4334715505062503
1.4527301659009177
1.4721617441966013
1.491767058746866
1.5115468829437044
1.5315019895096706
1.5516331516146946
1.5719411414526103
1.5924267315243998
1.613090692789529
1.6339337973369024
1.6549568151495166
1.6761605179574797
1.6975456747752764
1.7191130566752937
1.7408634323170293
1.762797571560261
1.7849162421102875
1.8072202116760658
1.8297102492264403
1.8523871218112977
1.8752515962455905
1.8983044389262913
1.9215464161016806
1.9449782929334272
1.9686008347646056
1.9924148059407076
2.0164209704468026
2.0406200932895016
2.065012935996067
2.0896002617646428
2.114382832997797
2.1393614105850602
2.1645367576154793
2.189909631611916
2.2154807956867497
2.2412510073305363
2.2672210251520903
2.2933916092956506
2.3197635172373814
2.3463375055767384
2.3731143320652794
2.4000947518357787
2.427279520040787
2.4546693937179356
2.4822651258793313
2.510067471446418
2.5380771827152753
2.5662950118808054
2.5947217130363933
2.6233580356259227
2.652204732870442
2.6812625531171252
2.710532247349256
2.740014564218114
2.769710253026687
2.7996200607004065
2.8297447352184837
2.860085024238739
2.8906416732931937
2.921415427859176
2.9524070349855305
2.983617237045614
3.0150467794988303
3.046696406409924
3.0785668597921005
3.1106588841515315
3.142973218834827
3.1755106068432615
3.2082717907683342
3.2412575112385285
3.2744685063499315
3.307905520178139
3.341569288767179
3.375460553693327
3.4095800531385643
3.44392852645673
3.4785067133013277
3.5133153519513396
3.5483551781935767
3.5836269348266727
3.6191313566489396
3.6548691829278757
3.6908411539375274
3.7270480051611514
3.763490477390887
3.8001693105138066
3.8370852423943753
3.8742390136860525
3.9116313641427065
3.94926303367599
3.987134764494933
4.025247301048728
4.06360138547528
4.1021977610499
4.141037173968604
4.180120370856833
4.219448100856295
4.2590211129777416
4.298840157853038
4.338905990648507
4.379219362576423
4.41978103686068
4.460591769333991
4.501652324322225
4.542963468345923
4.584525969207806
4.626340599296053
4.66840813469588
4.710729354073291
4.753305041075376
4.796135987340862
4.839222982186109
4.882566829037342
4.926168330903198
4.970028298421626
5.014147551255196
5.058526912264346
5.103167211512193
5.148069293969838
5.193234009175659
5.2386622152928
5.284354781038964
5.330312587003076
5.376536527900377
5.4230275052394274
5.469786439739959
5.516814265742337
5.564111928826962
5.611680400453105
5.65952066050384
5.707633714042612
5.756020588664247
5.804682329550488
5.8536200111698165
5.902834735383753
5.952327627288434
6.002099849164761
6.052152596657946
6.10248709970373
6.153104633692231
6.204006508553696
6.255194092202301
6.306668806133619
6.358432124993971
6.410485584476999
6.462830801744291
6.515469469191395
6.568403369621189
6.621634385302772
6.675164517287005
6.72899589527682
6.7831308091861775
6.837571730800118
6.8923213678221575
6.947382734687615
