2.8292551255322983e-6
8.499557451853735e-6
1.4205495601790938e-5
1.997170521698309e-5
2.5824186719010078e-5
3.179094973954351e-5
3.790276675300198e-5
4.419408379253945e-5
5.070415190961375e-5
5.7478466199465345e-5
6.457063360839817e-5
7.204484163843031e-5
7.99791757268787e-5
8.847014566895209e-5
9.763894801458945e-5
0.00010764023299836385
0.00011867447798297316
0.00013100547473561598
0.00014498475762639933
0.0001610844626009588
0.00017993749375340236
0.00020237538864547653
0.00022943531348156238
0.0002622844653226294
0.00030202914914529924
0.00034949592417791135
0.00040517230376222233
0.00046934574357762463
0.0005422778747474247
0.0006242936278243822
0.0007157946797034582
0.0008172442756457084
0.0009291500307103364
0.001052051618825696
0.0011865128672808312
0.0013331166427144007
0.0014924613718518382
0.0016651585378626096
0.0018518307931844739
0.0020531104881151498
0.0022696384969344706
0.0025020632672914807
0.0027510400428094185
0.003017230222924315
0.003301300832374961
0.0036039240783587237
0.0039257769775013765
0.004267541037508602
0.0046299019822993465
0.00501354951062043
0.005419177080680746
0.005847481715312844
0.006299163824219501
0.006774927039745011
0.007275478062937682
0.00780152652113896
0.008353784832375144
0.008932968080072016
0.009539793892306483
0.010174982329946982
0.010839255781296754
0.011533338860764717
0.012257958313458972
0.013013842928196366
0.013801723449517087
0.014622332497153808
0.015476404493609876
0.01636467558844888
0.017287883588168174
0.01824676789651015
0.01924206944622052
0.020274530642251442
0.02134489530519884
0.022453908621738166
0.023602317085885876
0.02479086845554331
0.02602031170369193
0.027291396972440464
0.02860487553523205
0.029961499753697243
0.03136202303724134
0.03280719981032294
0.034297785475346385
0.03583453637074693
0.03741820974778486
0.0390495637384602
0.04072935732624832
0.04245835031248077
0.044237303283524376
0.04606697760549108
0.04794813537238592
0.049881539422972083
0.051867953245866176
0.05390814104018833
0.05600286761884967
0.058152898468839274
0.0603589996523278
0.0626219378162106
0.0649424802083525
0.06732139461822668
0.06975944934171426
0.07225741323642709
0.07481605562765567
0.07743614635145127
0.08011845570967076
0.08286375448944895
0.08567281387723177
0.08854640548901876
0.09148530142666884
0.09449027413423748
0.09756209645340905
0.10070154162455947
0.10390938325484664
0.10718639534570158
0.1105333521822046
0.1139510284096557
0.11744019904859798
0.12100163938496757
0.12463612502996732
0.1283444318990724
0.13212733618066194
0.1359856143851657
0.13992004327493332
0.14393139987547926
0.14802046142450273
0.15218800550148512
0.15643480989135217
0.16076165265163672
0.1651693119176077
0.1696585663389692
0.17423019437055376
0.17888497505463397
0.18362368740152268
0.18844711078417947
0.19335602465260845
0.19835120869032888
0.20343344267148666
0.20860350663680913
0.21386218077321964
0.21921024546964035
0.22464848117372702
0.2301776686207523
0.2357985884863015
0.2415120217970858
0.24731874960904046
0.2532195529621917
0.2592152134552983
0.26530651246767306
0.271494231538073
0.27777915230760963
0.284162056406876
0.2906437261184952
0.2972249432221808
0.3039064897974659
0.31068914805861797
0.3175737002476918
0.32456092868941433
0.3316516159849394
0.33884654460240815
0.3461464969052727
0.3535522558441786
0.36106460373311283
0.3686843237392857
0.3764121985082262
0.3842490110095552
0.39219554407558566
0.4002525806612047
0.4084209039711651
0.4167012968361936
0.42509454249347856
0.43360142409514985
0.44222272458324424
0.45095922748799505
0.45981171540807725
0.46878097226969434
0.4778677806453087
0.4870729242908321
0.49639718614250183
0.5058413498876383
0.5154061980600758
0.5250925144611164
0.534901082016015
0.5448326844485085
0.5548881043720586
0.5650681250698109
0.5753735299598259
0.5858051024080041
0.5963636248967634
0.6070498811456332
0.6178646538107523
0.62880872586552
0.6398828804881692
0.6510879007627874
0.662424569323254
0.6738936690977394
0.6854959828076403
0.6972322933801555
0.7091033831819912
0.7211100347687464
0.733253030953751
0.7455331538600922
0.7579511860203623
0.7705079097869875
0.7832041070536827
0.7960405603276084
0.8090180515124061
0.8221373621165491
0.8353992747181328
0.8488045699550304
0.8623540301061506
0.8760484371485604
0.8898885713953127
0.9038752147269863
0.9180091476394444
0.9322911518231984
0.9467220076514509
0.9613024960896647
0.976033397501014
0.9909154922151343
1.0059495606443791
1.0211363831494495
1.036476738527529
1.05197140768353
1.067621170203413
1.0834268044015758
1.0993890906395125
1.11550880727336
1.1317867338332717
1.1482236480580763
1.164820328167994
1.1815775533016992
1.1984961013054467
1.215576749645645
1.232820275772513
1.2502274569578482
1.2677990701788429
1.2855358935198484
1.303438701543996
1.3215082725008562
1.3397453807067377
1.3581508032441743
1.3767253151343881
1.3954696909445528
1.4143847067816517
1.433471136392826
1.4527297549629228
1.472161335328921
1.4917666519942507
1.5115464789837492
1.5315015878417644
1.5516327532028729
1.5719407457564265
1.5924263377914838
1.6130903025088386
1.6339334088270125
1.6549564297099841
1.676160134880426
1.69754529529815
1.7191126800714398
1.7408630584761746
1.7627971992311868
1.7849158732884045
1.8072198453284407
1.8297098853470128
1.8523867617090957
1.8752512389099376
1.898304083976603
1.9215460645391182
1.9449779441094306
1.9686004889088426
1.992414463194985
2.0164206315584043
2.040619756950261
2.0650126019162705
2.089599932026043
2.1143825054657643
2.1393610869018307
2.164536435877709
2.1899093139184402
2.2154804805407817
2.2412506948441107
2.2672207168103493
2.2933913045272494
2.3197632149724647
2.3463372067507007
2.373114035326479
2.4000944585405666
2.4272792314923746
2.454669108189807
2.4822648448708438
2.51006719222926
2.5380769075440144
2.566294740620882
2.5947214445944446
2.623357769756991
2.652204471694999
2.6812622955317447
2.71053199338925
2.740014313053327
2.7697100051288346
2.7996198168575748
2.829744494882785
2.8600847868761314
2.8906414393392006
2.9214151996360114
2.9524068085047
2.9836170141426286
3.015046560163043
3.0466961916155917
3.0785666494533603
3.110658675281572
3.142973015346361
3.1755104072750524
3.2082715949325533
3.2412573179919835
3.2744683174650864
3.3079053344159854
3.3415691071759728
3.375460375213618
3.4095798803348716
3.4439283564749954
3.4785065472522887
3.5133151872162762
3.5483550195459674
3.5836267796236263
3.619131205518263
3.654869036314462
3.6908410102501095
3.727047867476977
3.763490344205176
3.800169180954412
3.8370851162438893
3.8742388909601235
3.9116312438939076
3.949262919618728
3.987134654766237
4.025247195076126
4.063601281915096
4.102197661582736
4.141037080970255
4.180120281387369
4.219448013776571
4.259021030680216
4.298840079649475
4.338905914752411
4.379219293029675
4.4197809720429175
4.460591709421879
4.501652270043351
4.542963416653387
4.58452592334917
4.626340554147826
4.668408095159845
4.710729317845117
4.75330501055172
4.796135957983402
4.839222959020747
4.882566811652237
4.926168315728703
4.9700282883039355
5.014147544877554
5.0585269086124605
5.1031672118950695
5.1480693023597475
5.1932340186784325
5.238662226709437
5.28435479756358
5.330312608691675
5.37653655266602
5.423027535291893
5.46978647590736
5.516814304158972
5.564111972996677
5.61168044610785
5.659520707471089
5.707633769703131
5.7560206456462195
5.804682391285718
5.853620078223783
5.902834803808007
5.95232769833812
6.002099924215957
6.052152673161675
6.102487181597932
6.153104717926121
6.204006595861167
6.255194182137343
6.306668899195715
6.358432217471043
6.410485680644003
6.462830902037584
6.5154695716967
6.568403474840073
6.621634493112978
6.6751646263225
6.728996005515559
6.783130921580415
6.837571845576187
6.892321485486011
6.947382848432989
