4.2573806976152194e-7
1.2825011876307253e-6
2.155478895559734e-6
3.056715571564728e-6
4.000318581626828e-6
5.003769124803907e-6
6.089896472059917e-6
7.2900530781901235e-6
8.649517508306063e-6
1.02371757335592e-5
1.2163656939666623e-5
1.4615999497469768e-5
1.7919600782380454e-5
2.260859189579916e-5
2.933891007453494e-5
3.855916408260932e-5
5.048944161031863e-5
6.535671754607105e-5
8.346750541788179e-5
0.00010518693173707589
0.00013091846732410446
0.00016109368223042055
0.00019616676641649058
0.00023661110160076777
0.00028291690989705204
0.0003355895797381939
0.00039514843854455484
0.00046212580543493904
0.0005370662034960194
0.0006205256575328634
0.0007130710404910497
0.0008152794568146399
0.0009277376601141715
0.0010510415075776366
0.0011857954497983222
0.001332612053506672
0.0014921115574892455
0.0016649214543574616
0.001851676100941924
0.002053016352672024
0.002269589217642102
0.0025020475373674373
0.0027510496830462174
0.003017259270696486
0.0033013448943069643
0.003603979877969546
0.003925842037356578
0.004267613460939973
0.004629980300237975
0.005013632570593987
0.0054192639749369225
0.005847571718179435
0.006299256356716298
0.0067750216296941545
0.007275574322388802
0.007801624128519181
0.008353883510873829
0.008933067589601657
0.009539894021020671
0.010175082876699914
0.010839356562452817
0.011533439701781887
0.012258059045307185
0.01301394337862641
0.013801823449322556
0.014622431888693582
0.015476503104498421
0.016364773258834054
0.017287980145721103
0.01824686317973821
0.019242163288644813
0.02027462287177024
0.02134498575261975
0.022453997117369597
0.023602403453691367
0.024790952522697755
0.02602039329051031
0.02729147591298086
0.02860495166863576
0.02996157287682877
0.031362092997084805
0.032807266427030864
0.034297848560081994
0.03583459576398476
0.03741826524693248
0.03904961518020953
0.040729404540998174
0.042458393103926344
0.04423734148411261
0.04606701106042656
0.047948163881885726
0.04988156282207497
0.051867971364894835
0.0539081537042602
0.05600287463466188
0.05815289970216033
0.06035899490473413
0.0626219269512848
0.06494246300792143
0.06732137093122986
0.06975941900722847
0.07225737607980236
0.07481601149817423
0.07743609506310685
0.08011839714402119
0.08286368843427207
0.08567274027470566
0.08854632411425498
0.09148521211097357
0.09449017671384073
0.09756199078381458
0.10070142763269763
0.10390926075612911
0.10718626418568991
0.11053321218285747
0.11395087947479071
0.11744004104465328
0.12100147210554668
0.1246359484111591
0.1283442458086823
0.13212714052158941
0.1359854089501048
0.13991982792431878
0.14393117452482698
0.1480202260249503
0.15218775994169206
0.15643455397788888
0.16076138617697314
0.16516903497809923
0.16965827859533283
0.17422989584492288
0.17888466569906775
0.18362336704773352
0.1884467793800299
0.19335568207558365
0.19835085478500925
0.20343307743030697
0.20860312994516123
0.21386179258045487
0.21920984562676396
0.2246480695939665
0.23017724527685954
0.2357981532560578
0.24151157451390992
0.24731829027666383
0.25321908162935913
0.2592147299989558
0.2653060166840987
0.2714937233429215
0.2777786316435768
0.284161523436835
0.2906431806414446
0.2972243852969303
0.30390591926402216
0.3106885647369019
0.31757310423188206
0.32456032004484503
0.33165099459213454
0.33884591015495197
0.34614584962511835
0.35355159552085275
0.36106393069643633
0.3686836375945475
0.37641149916965144
0.3842482986721877
0.3921948186700522
0.40025184211500076
0.4084201523367812
0.41670053201503654
0.4250937644791274
0.43360063267824694
0.44222191981931164
0.4509584093306849
0.45981088427706523
0.46878012756473597
0.4778669227373704
0.487072053052648
0.4963963016967166
0.5058404518883187
0.5154052867077519
0.525091589938493
0.5349001439922598
0.5448317327045602
0.5548871393183272
0.5650671468073521
0.5753725384778516
0.5858040971562258
0.5963626067198327
0.6070488492408396
0.6178636083358833
0.6288076673072767
0.6398818085493954
0.651086815421534
0.6624234708556377
0.6738925568061852
0.6854948574142031
0.6972311545386767
0.7091022311050499
0.7211088694411938
0.7332518521625854
0.745531961836161
0.7579499807152751
0.7705066914242072
0.7832028757228644
0.7960393157560827
0.8090167936052359
0.8221360911031159
0.8353979906108182
0.8488032730998215
0.8623527202600253
0.87604711382483
0.8898872351588551
0.9038738652769337
0.9180077856240602
0.9322897767474544
0.9467206199326876
0.9613010951908585
0.9760319840887225
0.9909140659046132
1.005948121712544
1.0211349309554048
1.0364752742631917
1.0519699308686372
1.067619680025771
1.0834253025467602
1.0993875759309486
1.1155072801372141
1.1317851940117822
1.1482220952402833
1.1648187638988756
1.1815759766713572
1.1984945122757877
1.21557514795425
1.232818662366397
1.2502258312353298
1.2677974331850934
1.2855342436645216
1.303437039747349
1.3215065979957081
1.339743694385182
1.3581491053624222
1.3767236050661953
1.3954679693663359
1.4143829727417345
1.4334693906974232
1.452727998053763
1.472159567065003
1.4917648724720687
1.5115446868548033
1.5314997854897134
1.5516309386632778
1.5719389194866076
1.5924245010309461
1.6130884531132685
1.6339315490968336
1.6549545584981444
1.6761582519744864
1.6975434019697366
1.7191107753948365
1.7408611425010043
1.7627952730824947
1.784913935423504
1.8072178971960056
1.8297079267646155
1.8523847918060925
1.8752492586069502
1.8983020935099657
1.921544063066723
1.9449759319241624
1.9685984670913863
1.9924124304648345
2.0164185881191425
2.0406177036291817
2.06501053839722
2.0895978577034175
2.11438042064004
2.139358992173959
2.1645343313919967
2.1899071999226623
2.215478355375996
2.2412485604773056
2.267218571945113
2.293389150335308
2.3197610504360484
2.3463350336672972
2.373111853341238
2.400092267379057
2.4272770295374597
2.454666895780714
2.4822626234682454
2.510064961830361
2.538074667601369
2.566292491659952
2.5947191861899066
2.6233555041144583
2.652202194951272
2.6812600102131645
2.7105296982677656
2.7400120105882944
2.769707693803581
2.799617495275522
2.829742163644731
2.8600824491281847
2.8906390924348226
2.9214128435736337
2.9524044440065627
2.9836146434944637
3.015044179917835
3.046693803239705
3.078564250110847
3.1106562699988585
3.1429706007718057
3.1755079850232937
3.2082691640160474
3.2412548803739996
3.2744658709815675
3.307902881270424
3.34156664417731
3.375457905837095
3.409577399810212
3.443925872658761
3.478504054120867
3.513312687988234
3.548352511549521
3.583624264013104
3.619128681939149
3.6548665046815225
3.6908384718512974
3.72704532112297
3.763487789915927
3.800166620740948
3.837082548731631
3.874236315147906
3.911628662410024
3.949260330040837
3.987132061358912
4.0252445912770165
4.063598676091472
4.102195046233987
4.1410344590372965
4.180117651479475
4.219445377605176
4.2590183889859095
4.298837430356676
4.338903263098893
4.37921662951291
4.419778302146174
4.460589032572148
4.5016495871783695
4.5429607274834405
4.584523226075177
4.6263378564436985
4.668405388018616
4.710726601710503
4.753302292286227
4.796133232308907
4.839220229326529
4.88256407306799
4.926165572444181
4.970025537096564
5.014144789639269
5.058524145468501
5.103164448265848
5.1480665260415455
5.193231241102738
5.238659442488949
5.2843520110815545
5.330309811869559
5.376533754368956
5.423024728063244
5.469783661986133
5.51681148702408
5.564109151333326
5.611677621795594
5.659517878386517
5.707630932743839
5.7560178024588335
5.804679546503021
5.853617223186785
5.902831951312627
5.952324839696513
6.002097062488311
6.0521498033114405
6.102484308408628
6.1531018412144505
6.204003716607646
6.255191300197027
6.306666014292493
6.35842932964147
6.410482788242659
6.462828005423345
6.515466672527049
6.568400574009956
6.621631590649464
6.675161722152687
6.72899309676473
6.783128010223705
6.837568931717587
6.892318567237819
6.947379935378994
