-1.2896843566141703e-9
-3.838544865828804e-9
-6.2200481218420424e-9
3.0602011397965375e-9
6.235083838909494e-8
2.2223089228459828e-7
5.580680934575978e-7
1.171177773895623e-6
2.190051364492378e-6
3.770980957567079e-6
6.098287704473577e-6
9.384175831017212e-6
1.3868234606884987e-5
1.9816701371475683e-5
2.7521535208172824e-5
3.729941623706207e-5
4.9490728398211724e-5
6.445847941629349e-5
8.25871607936639e-5
0.00010428162855415913
0.000129966045215379
0.00016008285675072682
0.0001950917937501283
0.00023546890708572288
0.00028170564546526895
0.0003343079725979456
0.0003937955251476157
0.00046070081872230515
0.0005355685081992323
0.0006189547044703524
0.0007114263377002839
0.0008135605591376865
0.0009259441716572159
0.0010491730875014516
0.0011838518135015225
0.001330592967736905
0.0014900168271159081
0.0016627509083424706
0.0018494295766872885
0.0020506936843386406
0.0022671902282028035
0.002499572024415437
0.0027484974182771234
0.0030146299855454005
0.003298638278345308
0.0036011955761829522
0.0039229796507414495
0.00426467255703573
0.004626960430782516
0.00501053328685388
0.005416084852496911
0.005844312377397797
0.006295916475407171
0.006771600960213234
0.007272072699732962
0.007798041459752233
0.008350219784080796
0.008929322855849192
0.009536068378534133
0.010171176469896319
0.010835369550299576
0.011529372247417692
0.012253911304624467
0.013009715491801353
0.013797515527093874
0.01461804399519223
0.01547203527982193
0.016360225488189602
0.0172833523882828
0.018242155344521813
0.019237375256296405
0.020269754500109274
0.021340036874341443
0.022448967545307348
0.023597292995685547
0.02478576097629214
0.026015120458378824
0.02728612158872854
0.02859951564628241
0.029956055001206013
0.03135649307485654
0.03280158430207669
0.03429208409462251
0.035828748807261154
0.03741233570401783
0.039043602926597414
0.040723309463937075
0.04245221512368383
0.04423108050430536
0.046060666968799756
0.04794173661868662
0.049875052271257964
0.05186137743401301
0.05390147628514037
0.05599611364993138
0.0581460549814794
0.06035206634052074
0.06261491437649906
0.0649353663101212
0.06731418991443103
0.06975215349996867
0.07225002589489947
0.07480857643452851
0.07742857494035625
0.08011079171066066
0.08285599750274085
0.0856649635199816
0.08853846139980932
0.09147726319979517
0.09448214138591073
0.09755386881971152
0.10069321874718064
0.10390096478720719
0.10717788092079258
0.11052474147966956
0.11394232113726249
0.11743139489759981
0.12099273808546822
0.12462712633752848
0.12833533559370788
0.13211814208651274
0.1359763223326608
0.1399106531252308
0.14392191152493605
0.14801087485213332
0.15217832068016462
0.1564250268250539
0.1607517713384139
0.16515933250327244
0.1696484888232954
0.17422001901998496
0.1788747020207956
0.18361331695503488
0.1884366431492275
0.19334546011794967
0.19834054756222588
0.20342268536173383
0.208592653566755
0.21385123239397655
0.2191992022173398
0.2246373435658991
0.23016643712162882
0.2357872637134504
0.2415006043109499
0.2473072400178344
0.2532079520695404
0.25920352182512413
0.2652947307668164
0.27148236049322677
0.27776719271527683
0.28415000925084954
0.2906315920229468
0.29721272305205937
0.3038941844556981
0.3106767584424232
0.3175612273104966
0.32454837344012716
0.33163897928890335
0.33883382738958473
0.3461337003440169
0.3535393808243518
0.36105165156574553
0.36867129536265697
0.37639909506916885
0.3842358335887682
0.39218229387724757
0.4002392589302757
0.4084075117893044
0.4166878355268804
0.4250810132541185
0.4335878281148435
0.4422090632798992
0.4509455019401448
0.4597979273117051
0.46876712262803183
0.4778538711238867
0.48705895605841043
0.496383160689123
0.5058272682786331
0.5153920620828233
0.5250783253706196
0.5348868413839869
0.5448183933599829
0.5548737645296068
0.5650537381027615
0.5753590972462789
0.5857906251419575
0.596349104915828
0.607035319649443
0.6178500524396964
0.6287940862840052
0.6398682041774417
0.6510731890603043
0.6624098238153668
0.6738788912674196
0.6854811742193658
0.6972174553555195
0.7090885173476325
0.7210951427732948
0.7332381141456056
0.7455182138963958
0.7579362243874183
0.7704929278897324
0.7831891065807391
0.7960255425671251
0.8090030178390363
0.8221223142907614
0.8353842137298065
0.8487894978407282
0.8623389482061667
0.8760333462466662
0.889873473380086
0.903860110731799
0.9179940394473244
0.9322760404877118
0.9467068946060461
0.9612873825344561
0.9760182847988117
0.9909003817353966
1.0059344535854393
1.02112128041375
1.0364616420972572
1.0519563183989618
1.067606088802653
1.083411732715042
1.0993740293150094
1.1154937576137132
1.1317716963580506
1.1482086241691036
1.1648053194416592
1.1815625603673152
1.1984811248523706
1.2155617906750462
1.2328053353470787
1.250212536119724
1.2677841699999564
1.285521013827852
1.3034238441046049
1.3214934371224292
1.3397305688434493
1.3581360150116457
1.3767105511169848
1.3954549522782809
1.4143699933477807
1.433456448945837
1.452715093238578
1.4721467002972861
1.4917520435872034
1.511531896435226
1.5314870318235765
1.5516182221628185
1.5719262398762104
1.5924118565646752
1.6130758438739539
1.633918972774309
1.6549420138980477
1.6761457375458346
1.6975309134829861
1.7190983110491072
1.7408486992783714
1.7627828465114803
1.7849015208358647
1.8072054897148702
1.8296955202228173
1.8523723787055888
1.8752368314081016
1.8982896435331778
1.9215315802449795
1.9449634057426095
1.9685858838670909
1.992399778058835
2.016405850713746
2.0406048641283583
2.0649975797977587
2.0895847586537064
2.1143671609167014
2.1393455466819167
2.1645206747821257
2.1898933039768202
2.2154641924584806
2.241234097496925
2.2672037762018196
2.2933739851193917
2.3197454799696904
2.3463190166711754
2.373095349854124
2.40007523465795
2.427259425212621
2.4546486756619545
2.4822437398729784
2.5100453714649325
2.5380543239972635
2.566271350823384
2.5946972055891147
2.623332641613109
2.652178412764932
2.6812352727755018
2.710503975925884
2.7399852766560358
2.7696799297551515
2.7995886908109577
2.8297123155412853
2.8600515602460765
2.8906071821037114
2.9213799382805106
2.9523705869394674
2.9835798864951437
3.0150085958638777
3.0466574741504244
3.07852728075616
3.1106187748950016
3.1429327157429245
3.175469861822332
3.208230971112505
3.241216800237884
3.274428104604866
3.307865637211207
3.341530149567739
3.3754223891955557
3.4095431014067126
3.443893026767693
3.478472901982263
3.513283458403752
3.548325422519182
3.583599514357597
3.619106448228042
3.6548469319530894
3.6908216662296565
3.727031346054495
3.7634766589843935
3.800158287540197
3.8370769080917557
3.874233193059742
3.9116278114902414
3.949261430437261
3.9871347173987277
4.025248341853373
4.063602977852331
4.102199307140385
4.141038021503479
4.180119826386333
4.219445443648515
4.2590156156116015
4.2988311066403835
4.338892707967641
4.379201237805898
4.419757544769086
4.46056250777113
4.501617035947617
4.542922067439321
4.584478566345678
4.626287518008074
4.668349923858288
4.71066679207205
4.753239130192995
4.796067932430421
4.839154169024551
4.882498772951699
4.9261026277492315
4.969966554399283
5.014091302747431
5.058477541042783
5.1031258543721965
5.148036742978509
5.193210630322448
5.238647875286667
5.2843487930300865
5.330313683519109
5.376542865422714
5.423036719277617
5.469795731156996
5.516820541070104
5.564111987247168
5.611671145460489
5.659499356635686
5.707598239624118
5.755969682921198
5.804615813571718
5.8535389399963
5.902741469919455
5.952225803470096
6.00199421069066
6.052048693518816
6.102390852539963
6.153021768200887
6.203941926841163
6.25515121114918
6.306648953542463
6.358434043861741
6.410505109336263
6.4628608801341025
6.51550066068035
6.568424362507885
6.62163253979701
6.675130652315292
6.728937178712868
6.7830641812550265
6.837433333722644
6.892215699644609
6.9472770668990735
