2.239509197523465e-5
6.721090350835199e-5
0.00011210374831821449
0.00015712548685470457
0.00020232874367879215
0.0002477672273613571
0.00029349606507936943
0.0003395721558867874
0.00038605454919772445
0.00043300485254237466
0.0004804876766072434
0.0005285711235506233
0.0005773273279357092
0.000626833059320964
0.0006771703981647805
0.0007284274980129556
0.000780699449556455
0.0008340892647993663
0.0008887090029503802
0.0009446810636871988
0.0010021396782170073
0.0010612326343241482
0.0011221232783715511
0.0011849928452336703
0.0012500431764144865
0.0013174998971916651
0.0013876161353497947
0.0014606768764696394
0.0015370040628307666
0.0016169625528929072
0.0017009670627385017
0.001789490204231451
0.0018830717079919923
0.001982328858650446
0.0020879680545042327
0.002200797204707296
0.0023217383576329695
0.0024518394746537767
0.0025922835983222944
0.002744392835345226
0.0029096237152002363
0.0030895499187190583
0.0032858286706012557
0.0035001489993480143
0.0037341641268425164
0.003989416075360966
0.004267266193132194
0.004568847415816041
0.004895050054371333
0.0052465433201147795
0.005623824068204894
0.006027277730895198
0.006457236564848226
0.006914025471242537
0.007397992077677625
0.00790952259937296
0.008449047274967751
0.009017039406429575
0.009614011201786192
0.010240508521755653
0.010897105695446965
0.01158440092879014
0.012303012456297344
0.013053575403144887
0.01383673925389397
0.014653165811370543
0.015503527541107663
0.016388506216029705
0.01730879179494259
0.018265081484239068
0.01925807894455797
0.020288493613444612
0.02135704012195321
0.022464437788225017
0.023611410174872977
0.024798684699810367
0.026026992292292443
0.027297067087554142
0.028609646154662036
0.029965469253161257
0.03136527861485676
0.03280981874763916
0.034299836258776153
0.035836079695425786
0.03741929940048265
0.03905024738209165
0.04072967719537949
0.04245834383514657
0.04423700363838352
0.04606641419563388
0.04794733427029364
0.049880523725087736
0.05186674345497403
0.05390675532588898
0.056001322118706606
0.058151207477933425
0.06035717586466762
0.06261999251336016
0.06494042339208608
0.06731923516590645
0.0697571951630756
0.07225507134378273
0.07481363227117216
0.07743364708445863
0.08011588547388776
0.08286111765742146
0.08567011435894613
0.08854364678786295
0.09148248661995698
0.09448740597940578
0.0975591774218382
0.10069857391834063
0.10390636884028345
0.10718333594498247
0.1105302493621728
0.11394788358106356
0.11743701343800358
0.12099841410470352
0.12463286107693
0.12834113016379653
0.13212399747743653
0.1359822394231896
0.13991663269007854
0.14392795424165947
0.14801698130710375
0.1521844913727258
0.1564312621739202
0.16075807168728856
0.1651656981229655
0.16965491991723128
0.17422651572524467
0.1788812644138412
0.18361994505519758
0.18844333692029577
0.19335221947207756
0.19834737235939828
0.2034295754114056
0.20859960863122778
0.2138582521907899
0.21920628642424048
0.22464449182324234
0.23017364903206292
0.23579453884079865
0.2415079421821171
0.24731464012428034
0.253215413867246
0.25921104473832957
0.26530231418769085
0.27149000378333793
0.27777489520648896
0.28415777024729394
0.2906394107992911
0.29722059885701413
0.30390211651208593
0.31068474594376994
0.31756926942085356
0.3245564692958987
0.3316471280018061
0.33884202804725233
0.34614195201298753
0.35354768254650915
0.3610600023598761
0.3686796942242659
0.3764075409677916
0.3842443254723018
0.39219083066931126
0.4002478395339384
0.40841613508158947
0.41669650037260275
0.42508971849764454
0.4335965725832705
0.4422178457752364
0.4509543212514197
0.45980678220831034
0.46877601186233586
0.47786279343822013
0.4870679101759056
0.496392145316262
0.5058362821086492
0.5154011037995058
0.525087393635549
0.5348959348503298
0.5448275106703752
0.5548829043134168
0.5650628989783503
0.5753682778461571
0.5857998240686326
0.5963583207685857
0.6070445510469124
0.6178592979569031
0.6288033445138959
0.6398774736981809
0.6510824684453864
0.6624191116440685
0.6738881861190672
0.6854904746504011
0.6972267599601945
0.7090978247062767
0.7211044514700768
0.7332474227636145
0.7455275210214279
0.7579455286150503
0.770502227812276
0.7831984008087018
0.7960348297181753
0.809012296540461
0.82213158317708
0.8353934714297279
0.8487987430147236
0.8623481795150232
0.876042562395055
0.8898826730144818
0.9038692926173806
0.9180032023002924
0.93228518303252
0.9467160156556551
0.9612964808519668
0.9760273591685942
0.9909094309550452
1.0059434765092667
1.0211302759198995
1.0364706090920746
1.0519652557305978
1.067614995398284
1.0834206075316821
1.0993828713621787
1.1155025658708388
1.1317804698514646
1.1482173619746874
1.1648140206524795
1.1815712240460632
1.1984897501121372
1.2155703767009307
1.232813881370348
1.2502210413477388
1.2677926337519463
1.2855294353366074
1.3034322227222783
1.32150177216763
1.3397388597387907
1.3581442612766161
1.3767187522126278
1.3954631078084874
1.4143781029771385
1.4334645123637157
1.4527231102710068
1.4721546707443178
1.4917599675618172
1.5115397741226988
1.5314948635248788
1.5516260084585611
1.5719339813148836
1.5924195541069623
1.6130834986485558
1.6339265862050918
1.6549495877759977
1.6761532739969238
1.6975384150030248
1.7191057805922807
1.7408561402781615
1.7627902630735766
1.7849089174961248
1.8072128718056966
1.8297028939038182
1.8523797509937554
1.8752442100229603
1.8982970374801154
1.9215389993686962
1.9449708612586083
1.9685933881616904
1.9924073448091042
2.016413495237859
2.040612603122103
2.065005431494703
2.089592743095428
2.1143753001334513
2.139353864145514
2.164529196369655
2.1899020573136854
2.215473207100438
2.241243405242775
2.267213410616295
2.2933839815955057
2.3197558762289363
2.3463298516987856
2.373106664836329
2.4000870720176715
2.4272718284690344
2.454661689517069
2.4822574094063703
2.5100597422670328
2.5380694412270532
2.5662872590334485
2.5947139478165573
2.6233502591497553
2.6521969440592144
2.681254753079832
2.710524435854355
2.7400067416139566
2.7697024190252817
2.7996122160008046
2.829736879849545
2.8600771578599695
2.890633796296034
2.9214075410066815
2.9523991372780976
2.983609329623379
3.015038862211744
3.0466884788538025
3.0785589226335186
3.1106509359438976
3.142965261592403
3.175502640909742
3.208263815508346
3.2412495258982563
3.2744605129111033
3.3078975165299473
3.341561276556681
3.3754525325683664
3.409572023822154
3.443920488946001
3.4784986671058897
3.5133072965974503
3.5483471158973443
3.5836188634588693
3.6191232776115925
3.6548610965303014
3.69083305919388
3.727039904040755
3.763482369451901
3.800161194745707
3.8370771195254427
3.8742308832595453
3.911623226208751
3.949254889675371
3.98712661514086
4.025239144671557
4.063593221979771
4.102189591885411
4.141028999163095
4.180112190458259
4.219439914543175
4.259012920142333
4.298831959446196
4.338897785351703
4.379211153542318
4.419772821536996
4.460583549584513
4.501644099987893
4.542955238855497
4.584517734434354
4.62633235899162
4.668399889044019
4.710721103513838
4.753296786907421
4.79612772765064
4.8392147200141
4.882558562888349
4.926160060846145
4.970020024298079
5.014139272131541
5.058518628487767
5.103158926122142
5.148061005594318
5.193225716747427
5.238653918954171
5.2843464817078125
5.330304285473478
5.376528223162783
5.423019198751653
5.469778131299506
5.516805954014447
5.564103615930068
5.611672083805884
5.659512342137646
5.707625394190778
5.756012265757879
5.804674005100576
5.853611685378563
5.902826406984114
5.952319297903236
6.002091519678349
6.052144266007168
6.102478767975215
6.1530962991026765
6.203998174365817
6.255185759216577
6.306660471811869
6.358423787964955
6.4104772487123665
6.462822467112812
6.515461135797128
6.568395036316195
6.621626052654068
6.675156184731648
6.728987563784377
6.783122478540027
6.837563403110914
6.89231304174399
6.947374410304972
