7.452273709871656e-7
2.242430650735659e-6
3.760206840568714e-6
5.3133993371753446e-6
6.918681030717223e-6
8.595589852498933e-6
1.036794528076686e-5
1.2265892995637307e-5
1.4328990712430939e-5
1.661105285595521e-5
1.918803782470616e-5
2.2171307538336406e-5
2.5730401408827177e-5
3.0131815469542573e-5
3.579886003053528e-5
4.337069137964874e-5
5.364420280061176e-5
6.72819398610734e-5
8.462933024575439e-5
0.00010590449598916923
0.00013138035009778332
0.0001614098775070032
0.00019640227814588743
0.00023680421669878773
0.0002830896989798718
0.0003357543921274145
0.0003953120139850632
0.00046229181164081894
0.000537236712598637
0.0006207019380840257
0.0007132539444213912
0.0008154695926762314
0.0009279354702797276
0.0010512473090416494
0.0011860094644827101
0.0013328344352116644
0.001492342414181482
0.0016651608663050992
0.0018519241327998827
0.0020532730597352185
0.002269854651720803
0.0025023217467794023
0.002751332713582437
0.003017551166460912
0.0033016456985664835
0.0036042896320412003
0.003926160781855619
0.004267941234784548
0.0046303171404454245
0.005013978515702717
0.005419619060217586
0.005847935981776394
0.006299629832435817
0.00677540435398789
0.007275966331298586
0.0078020254548678575
0.00835429418859419
0.008933487652517943
0.009540323500262439
0.010175521810443466
0.010839804983099536
0.011533897639447293
0.012258526531883585
0.013014420448011543
0.013802310135859775
0.014622928217389964
0.015477009114060773
0.0163652889713771
0.017288505598047878
0.018247398396349184
0.01924270829064403
0.02027517769507838
0.02134555042459497
0.022454571663273245
0.02360298789796646
0.024791546892369096
0.026020997616377342
0.027292090206407413
0.02860557593995565
0.02996220717424501
0.03136273731776756
0.03280792079280817
0.03429851299863712
0.03583527026859325
0.03741894985676566
0.03905030990499604
0.040730109374221904
0.04245910807269838
0.04423806659027686
0.04606774629952086
0.047948909298121005
0.0498823183854358
0.05186873708079418
0.05390892957548658
0.05600366068949052
0.05815369590288084
0.060359801254732316
0.06262274343025517
0.06494328964770844
0.06732220770667363
0.06976026590792508
0.07225823309715243
0.07481687862535684
0.07743697230232911
0.08011928444868749
0.08286458583369798
0.0856736476347036
0.08854724150007486
0.09148613949772771
0.0944911140900811
0.09756293812792532
0.10070238483644672
0.10391022787491704
0.10718724113843213
0.11053419899685384
0.11395187610092623
0.11744104740953114
0.12100248825547148
0.12463697422945345
0.12834528128853337
0.1321281855855734
0.13598646360949182
0.1399208921532541
0.1439322482252417
0.14802130915436754
0.1521888524594625
0.1564356558360819
0.16076249740993664
0.16517015542433244
0.16965940832512688
0.1742310347153089
0.17888581360686143
0.1836245240946141
0.188447945392953
0.19335685700799832
0.19835203865829976
0.20343427005671214
0.20860433137180628
0.21386300270282224
0.2192110644971621
0.22464929706415487
0.23017848112174338
0.2357993975883291
0.24151282733364024
0.24731955146789786
0.25322035108122715
0.25921600766231756
0.2653073024778753
0.27149501723820707
0.27777993360250236
0.28416283337542825
0.2906444985535524
0.29722571081165367
0.3039072525582522
0.3106899059101113
0.31757445296083137
0.32456167632921484
0.33165235822621014
0.3388472813150904
0.3461472280258494
0.35355298131790197
0.3610653235294191
0.36868503769961186
0.3764129063662748
0.38424971268615016
0.3921962394588273
0.4002532698181554
0.40842158672826573
0.4167019731135399
0.425095212120755
0.4336020868121588
0.4422233804929535
0.4509598765209515
0.45981235753969285
0.46878160721876666
0.47786840851840184
0.4870735449119007
0.4963977995862767
0.5058419555568265
0.5154067964347298
0.5250931051192704
0.5349016650609132
0.5448332595148644
0.5548886714773189
0.5650686845401856
0.5753740814554218
0.5858056457966649
0.5963641601207209
0.6070504078005999
0.6178651721913281
0.628809236015919
0.6398833823428526
0.6510883939344632
0.6624250538706014
0.6738941449148856
0.6854964502610671
0.6972327516093245
0.709103832569964
0.7211104752872157
0.7332534625952918
0.7455335766395164
0.7579515998384293
0.770508314137769
0.783204502518795
0.7960409465913466
0.8090184285167646
0.8221377298680808
0.8353996329654836
0.8488049190597452
0.8623543700112435
0.8760487671654965
0.889888892051328
0.9038755252961991
0.9180094489341135
0.9322914431348027
0.9467222895022137
0.9613027679561358
0.9760336594948056
0.9909157449222957
1.0059498032673724
1.0211366157260493
1.036476961644999
1.0519716207818248
1.067621372875552
1.083426997439669
1.0993892737851447
1.1155089799876101
1.131786896632353
1.148223800488048
1.164820471024292
1.1815776854941764
1.1984962235636756
1.215576861566533
1.2328203775243873
1.2502275484027947
1.2677991520737049
1.2855359639583719
1.3034387621556163
1.3215083229081042
1.339745420948207
1.3581508326232192
1.3767253338710805
1.395469699949893
1.4143847043737747
1.4334711239644355
1.4527297319291554
1.4721613022968028
1.4917666084350172
1.511546424802817
1.5315015237789718
1.5516326778019538
1.571940659953049
1.5924262416262527
1.6130901949751113
1.6339332919472576
1.6549563019556452
1.6761599962384843
1.6975451461573714
1.7191125198782256
1.740862888726179
1.762797019180401
1.7849156819830272
1.8072196441135442
1.829709674242951
1.852386538883009
1.8752510056929657
1.8983038406190686
1.9215458097851341
1.9449776788209185
1.9686002133977143
1.9924141767744015
2.0164203345151934
2.040619449092012
2.065012284696123
2.0895996030603756
2.114382166650602
2.1393607379475226
2.1645360771235755
2.189908944523313
2.2154800998700876
2.2412503037173255
2.267220315440407
2.2933908924957724
2.319762793435923
2.3463367750501676
2.373113593262522
2.400094005984502
2.427278768506964
2.4546686351846545
2.482264359409131
2.51006669800773
2.5380764013455206
2.566294224435487
2.594720919562456
2.623357234971622
2.6522039243352014
2.6812617391024265
2.710531426553829
2.7400137361024
2.769709418015965
2.799619220328701
2.8297438881175747
2.8600841700163677
2.890640812781563
2.9214145615937426
2.952406161853119
2.983616356656762
3.015045894802009
3.0466955143278214
3.078565960523284
3.110657977670172
3.1429723068999587
3.1755096895007333
3.208270867486189
3.2412565810646234
3.2744675713991844
3.3079045784137366
3.3415683405357224
3.3754595998016015
3.409579093824342
3.443927562184891
3.478505743168642
3.5133143738237202
3.54835419550377
3.5836259460802427
3.61913036236259
3.6548681849093216
3.690840148901827
3.7270469951096237
3.7634894621924357
3.8001682887678463
3.8370842164288517
3.874237982612231
3.9116303273213124
3.949261992545492
3.9871337183313083
4.0252462496951225
4.063600329153882
4.102196700265608
4.141036107134215
4.180119301162544
4.219447026414301
4.259020032613208
4.2988390713948235
4.338904899600379
4.379218269037662
4.419779936933901
4.460590665442624
4.501651218607153
4.542962357623153
4.5845248527823115
4.626339478222926
4.668407008113297
4.710728224472589
4.753303907055224
4.796134848413155
4.8392218401289915
4.882565685268697
4.926167180398153
4.970027146388
5.014146393801578
5.058525748274466
5.103166047469771
5.14806812694046
5.193232839066552
5.238661039167161
5.284353602310438
5.330311404639672
5.376535341164703
5.423026317977425
5.469785249625454
5.51681307201108
5.564110732966669
5.611679202543865
5.659519457346967
5.707632509349496
5.756019379342657
5.80468111828987
5.853618800591125
5.902833520173929
5.952326412384235
6.002098631274789
6.052151379223991
6.102485879054338
6.153103409038193
6.204005282385649
6.25519286796855
6.306667580010001
6.358430895951801
6.410484352998923
6.462829573210237
6.515468239578407
6.568402140010443
6.621633155865902
6.675163286093837
6.728994667833514
6.783129581717412
6.837570505966509
6.892320147075164
6.947381516998555
