1.051951635767559e-5
3.157813116375525e-5
5.2695782905125627e-5
7.391240997425907e-5
9.526899575310613e-5
0.00011680785746202327
0.00013857319066866672
0.0001606114962994969
0.00018297217031943474
0.00020570809525429374
0.0002288763586820844
0.00025253906165826967
0.0002767642695227929
0.0003016271305880018
0.00032721120138092
0.0003536100333987164
0.0003809290813804139
0.00040928801569171394
0.0004388235391372524
0.0004696928367024551
0.0005020778191718121
0.0005361903617498916
0.0005722787850961201
0.0006106358755176956
0.0006516087844360755
0.000695611164604819
0.0007431378512796975
0.0007947822041405954
0.000851255757001426
0.0009134088687198655
0.0009822493615930508
0.0010589534747402261
0.0011448601196250236
0.0012414369297268665
0.0013502085370410625
0.0014726486311882824
0.0016100582748606758
0.0017634723674388158
0.001933633598834984
0.002121041566356215
0.0023260468409803652
0.0025489462823646424
0.0027900507454384316
0.003049719441016354
0.0033283694867156065
0.0036264721314762825
0.003944544133508086
0.004283138810038973
0.004642838487995539
0.005024248653867113
0.005427993558815173
0.00585471292448356
0.006305059441741535
0.006779696834024551
0.007279298325999804
0.007804545408569103
0.008356126825406216
0.008934737728962163
0.009541078968973752
0.010175856486671702
0.010839780794822276
0.011533566528569345
0.01225793205546444
0.013013599135532575
0.01380129262396384
0.014621740210351501
0.015475672189347167
0.016363821258471748
0.01728692233957043
0.01824571242095129
0.01924093041750889
0.02027331704646325
0.021343614716351725
0.02245256742741902
0.02360092068186717
0.024789421403051844
0.026018817862667517
0.027289859613527784
0.02860329742959738
0.029959883252317614
0.03136037013836859
0.03280551220852565
0.03429606460623738
0.035832783460658865
0.03741642584100102
0.039047749719716404
0.04072751394557118
0.04245647821035893
0.044235403014907235
0.046065049636149415
0.047946180108691255
0.04987955719238887
0.051865944355736306
0.05390610573634947
0.0560008061367932
0.05815081098454563
0.0603568863171455
0.06261979877970007
0.06494031559883351
0.06731920454332087
0.06975723390808282
0.07225517250779566
0.07481378969921786
0.07743385531909658
0.0801161396340286
0.08286141338968062
0.08567044784561048
0.08854401459070714
0.0914828857033365
0.09448783363205779
0.0975596312265307
0.10069905172728978
0.1039068687410459
0.10718385625451247
0.11053078854140892
0.11394844030062702
0.11743758649964517
0.12099900244078662
0.12463346372805723
0.1283417462853427
0.1321246262959652
0.13598288031089056
0.1399172850266036
0.14392861748357824
0.1480176550109839
0.15218517508471877
0.15643195554844672
0.16075877431094168
0.16516640978509675
0.16965564029531163
0.17422724462417605
0.1788820015793163
0.1836206902590446
0.18844409003990836
0.19335298039154225
0.19834814088382852
0.20343035143167845
0.2086003920676938
0.21385904290603958
0.21920708431088182
0.22464529683414233
0.230174461084673
0.23579535780706506
0.24150876808969857
0.24731547288306036
0.2532162533932671
0.25921189100141767
0.2653031671526933
0.27149086349208573
0.2777757615435531
0.28415864325187223
0.2906402902940974
0.2972214849296845
0.30390300907032325
0.31068564497170637
0.3175701749032607
0.32455738122058614
0.3316480463748951
0.33884295288330607
0.34614288313268277
0.3535486200697845
0.36106094619230744
0.3686806443096334
0.37640849739651366
0.38424528822155907
0.3921917996728864
0.400248814822344
0.4084171165188336
0.4166974879820265
0.425090712357487
0.43359757258797665
0.44221885193713856
0.45095533365951157
0.45980780070669053
0.46877703643523766
0.47786382424504065
0.4870689470248311
0.4963931882146571
0.5058373311719673
0.5154021589153948
0.5250884546734813
0.5348970019609905
0.5448285837938608
0.5548839834269405
0.5650639840544176
0.5753693689379777
0.5858009210722847
0.5963594237577492
0.6070456599471464
0.6178604128082006
0.6288044653728312
0.6398786003528342
0.6510836009371492
0.6624202500017646
0.6738893302947323
0.6854916248432831
0.6972279159230494
0.7090989863826256
0.7211056190875581
0.7332485961500798
0.7455287001872181
0.7579467136100267
0.7705034184403117
0.7831995973106564
0.7960360317451695
0.8090135043841038
0.8221327968337995
0.8353946905731734
0.8487999678565812
0.8623494099421157
0.8760437984624266
0.8898839146586872
0.9038705401490705
0.9180044554487008
0.9322864414742988
0.9467172797996175
0.9612977502998186
0.976028634111042
0.9909107115114134
1.0059447624288396
1.0211315674288237
1.036471905951567
1.0519665580956559
1.0676163034313846
1.083421920869811
1.099384190275576
1.1155038899475003
1.131781799138196
1.1482186965496253
1.1648153606923757
1.1815725691342625
1.1984911005629604
1.2155717324784931
1.2328152423796988
1.250222407930354
1.267794005416865
1.285530812414626
1.303433604675133
1.3215031595895201
1.339740252014591
1.3581456588519045
1.3767201552017252
1.3954645155102001
1.4143795162712627
1.4334659309042033
1.4527245332692513
1.4721560989156042
1.4917614008244415
1.5115412125627294
1.5314963063702052
1.5516274565925834
1.5719354342346719
1.5924210121507751
1.613084961208613
1.6339280536019192
1.6549510599127282
1.676154750725448
1.6975398963596364
1.719107266568752
1.74085763146439
1.7627917587144004
1.784910417759066
1.807214377181573
1.829704404223156
1.8523812657029957
1.8752457297200678
1.898298561409599
1.92154052791597
1.944972394153446
1.9685949258399027
1.9924088870811736
2.016415042107427
2.040614154139865
2.065006987085998
2.0895943030129236
2.114376864091618
2.1393554322770902
2.164530768921378
2.18990363418797
2.2154747887098183
2.241244990637878
2.267215000402874
2.293385575119276
2.319757474016022
2.3463314535950754
2.3731082719224212
2.400088682432257
2.4272734427125817
2.4546633085689145
2.4822590313783697
2.5100613680075106
2.5380710715981607
2.566288893116177
2.594715585328161
2.6233519007407597
2.652198590073514
2.681256402489348
2.710526089411226
2.740008398154957
2.7697040792870413
2.799613879338709
2.8297385480034682
2.86007882917069
2.8906354703123704
2.92140921939671
2.952400817772451
2.9836110140628342
3.015040550362623
3.0466901704152995
3.078560617190559
3.110652634291905
3.1429669623296053
3.175504344804708
3.2082655227862564
3.2412512352038134
3.2744622259730645
3.30789923248559
3.3415629959538897
3.3754542544489103
3.4095737475571357
3.4439222161287777
3.4785003973869
3.513309029284418
3.5483488505788507
3.583620600289122
3.619125017894735
3.6548628390258067
3.6908348038120558
3.7270416519504583
3.7634841188661454
3.800162945829587
3.8370788727036613
3.874232639967914
3.9116249846683737
3.949256649907744
3.9871283774551323
4.025240909841799
4.0635949887717
4.102191358962404
4.141030767564286
4.180113959881932
4.219441686130313
4.259014693464448
4.29883373505955
4.338899562010298
4.379212931245472
4.419774600816399
4.460585330041062
4.501645881037768
4.542957021174985
4.584519517107986
4.626334144190528
4.6684016753264395
4.710722890173935
4.753298573873911
4.796129515731476
4.839216508078662
4.882560350738716
4.926161847507402
4.970021813089472
5.014141061363805
5.05852041709513
5.103160714129876
5.1480627937111905
5.193227506229577
5.23865570929024
5.284348269949643
5.33030607250504
5.37653001054365
5.423020982131053
5.469779916280967
5.51680773726693
5.564105399094765
5.611673865001019
5.659514121915527
5.707627174201168
5.7560140439303895
5.804675781076813
5.853613461852237
5.9028281811548675
5.952321070967711
6.002093289430717
6.052146035556685
6.102480533862405
6.153098062610064
6.203999935258177
6.255187518176238
6.306662227488164
6.35842554057877
6.410478998261071
6.46282421097931
6.515462876339052
6.568396774860707
6.621627784886985
6.6751579142876905
6.7289892890082434
6.783124197708755
6.837565117684941
6.892314751487927
6.947376114350135
