0.43900252732492145
0.4412074697495188
0.445601278104064
0.45218208994624365
0.460958567458909
0.47194510622812846
0.4851549547900694
0.5005897638549812
0.5182231860944562
0.537974658953556
0.5596671141759059
0.5829582599076317
0.6072288361651671
0.6314019223346767
0.6536568107254076
0.6709994091533563
0.6786988988857557
0.6698186803511231
0.6357192513074146
0.5695905063978157
0.4747233537653317
0.37111268460806207
0.2848778181044695
0.22760118792517667
0.19401193806451678
0.174364143682833
0.16185871895613602
0.15300108729798403
0.14614558173192163
0.14049014269176482
0.13561062059107296
0.1312648162359512
0.12730651896071454
0.12364402340929355
0.12021813277111353
0.11698961038339548
0.11393165059576224
0.11102522392338669
0.10825616652397842
0.10561336846568327
0.10308766511127788
0.10067117507272427
0.0983569151366615
0.09613857995028134
0.09401041478244596
0.09196713755781441
0.09000388525972511
0.0881161717774524
0.08629985135344757
0.0845510853814193
0.08286631225311063
0.08124222031206843
0.07967572373150415
0.07816394160499154
0.07670417963576248
0.07529391421360213
0.07393077860871262
0.07261255064675765
0.07133714182271161
0.07010258746630034
0.06890703772483545
0.067748749574303
0.06662607935123022
0.06553747585879366
0.0644814739760025
0.063456689125056
0.06246181167422739
0.06149560223723719
0.06055688698637608
0.05964455358643752
0.058757546973826846
0.057894866410756855
0.05705556107079064
0.05623872840675995
0.05544350979942057
0.054669088985176785
0.05391468918585004
0.053179570652754644
0.052463028580271416
0.051764391152364427
0.051083018054793504
0.0504182977356176
0.049769646908712745
0.04913650822546339
0.04851834936744395
0.04791466113507276
0.047324956872170476
0.0467487707889442
0.04618565701688228
0.04563518867039432
0.04509695645523372
0.04457056872817675
0.04405564926069961
0.04355183757511701
0.04305878782138464
0.042576167884636994
0.04210365875702554
0.04164095430383471
0.041187759958855895
0.04074379243774493
0.0403087800435174
0.039882460655366624
0.03946458245030984
0.0390549026641143
0.03865318795285065
0.0382592133771132
0.037872761769624376
0.03749362457218
0.037121600016200136
0.03675649393520175
0.03639811892603039
0.03604629391013754
0.03570084445141153
0.03536160169835864
0.0350284029370022
0.03470109075999074
0.03437951339190833
0.03406352329871808
0.03375297880337245
0.03344774238962827
0.03314768105596946
0.03285266604516384
0.032562573036134794
0.0322772812752123
0.031996674323420585
0.03172063876541942
0.03144906523288443
0.03118184755305764
0.030918882990910584
0.030660071755654692
0.030405316765573006
0.03015452476439754
0.02990760453312044
0.029664467904414325
0.029425028862134123
0.02918920450478379
0.028956913972773966
0.028728078936718485
0.02850262332784242
0.028280472813079893
0.028061555673927874
0.02784580219224438
0.027633144180851874
0.027423515774749167
0.02721685268683538
0.027013092302723255
0.02681217424017782
0.026614039218500623
0.026418629576808704
0.0262258893561909
0.026035764304416707
0.025848201089690003
0.025663148248714622
0.0254805552787286
0.02530037340942501
0.025122554703576595
0.024947052476485057
0.024773821676992054
0.024602818174007442
0.02443399850428397
0.02426732081081558
0.0241027442630811
0.023940228766105725
0.02377973531545971
0.023621225980294133
0.023464663636390923
0.023310012014386417
0.023157235805490405
0.023006300362019352
0.022857172398934263
0.022709818597495143
0.02256420698231468
0.022420306278042795
0.022278085725758463
0.022137515537474603
0.021998566187769925
0.021861209412335422
0.021725417021821104
0.021591161685849024
0.021458417025045185
0.021327156620459874
0.02119735501877415
0.021068987400329222
0.020942029094929534
0.020816456340107505
0.02069224594392995
0.020569374774378674
0.02044782058619258
0.02032756150932982
0.020208575957554147
0.020090843179653817
0.019974342485818055
0.019859053771481224
0.01974495740472233
0.019632034043941995
0.019520264800479335
0.019409631228254627
0.019300115030632337
0.019191698776904985
0.01908436470585944
0.0189780959724213
0.018872875837302707
0.018768687885484574
0.018665516057832735
0.01856334458677313
0.01846215801691376
0.01836194129830473
0.01826267950741595
0.018164358108042702
0.018066962827689683
0.017970479630278657
0.017874894785032396
0.01778019484956342
0.017686366491397907
0.017593396900169585
0.017501273125812178
0.01740998271440417
0.017319513484718833
0.017229853271993886
0.01714099033986617
0.017052912990068777
0.01696560984323699
0.016879069693597856
0.01679328151315537
0.016708234528918092
0.01662391811502822
0.016540321887623284
0.016457435520595764
0.01637524891200291
0.01629375222560131
0.016212935804717554
0.01613279005743573
0.016053305637496035
0.015974473292116535
0.01589628398482176
0.015818728694861867
0.01574179872395786
0.015665485509576207
0.01558978041651978
0.015514675220770236
0.015440161813441022
0.0153662321551392
0.015292878226789841
0.015220092365525415
0.015147866796032477
0.015076194061066653
0.015005066718647013
0.014934477510527453
0.014864419198580526
0.014794884895301653
0.01472586764005554
0.014657360552772225
0.014589356897028387
0.01452185019515816
0.014454833766329013
0.014388301599171972
0.014322247089238163
0.014256664158011006
0.01419154676630598
0.014126888877950385
0.014062684746183255
0.013998928453772236
0.013935614396523629
0.013872736985989302
0.013810290775827289
0.013748270296029775
0.01368667021349769
0.01362548534004745
0.013564710591657958
0.013504340828659651
0.013444371213030675
0.013384796780969557
0.013325612823721746
0.013266814625396448
0.013208397400800485
0.013150356744428384
0.013092688230260786
0.013035387429598987
0.01297845016333134
0.012921871961765499
0.012865648888472019
0.01280977692472479
0.012754251936067268
0.012699070146674766
0.012644227715032959
0.012589720885321901
0.012535545948618417
0.012481699440571575
0.012428177840287736
0.012374977648621626
0.012322095485071296
0.012269528063979632
0.012217272429537185
0.012165325263428273
0.012113683643858432
0.012062344369197599
0.012011304942326648
0.011960562413971698
0.011910113956290233
0.011859957188169803
0.011810089233351324
0.0117605079365121
0.01171121083989382
0.011662195631401884
0.011613460135979674
0.011565002003364716
0.011516819615870899
0.011468910794302662
0.011421273563273007
0.011373906486379943
0.011326807715248258
0.011279975689514249
0.011233409069724875
0.011187106390313213
0.011141066415253297
0.011095287807724346
0.011049769748677881
0.011004511193367116
0.010959511308081878
0.010914769391676238
0.0108702847870713
0.010826056946616133
0.010782085513790717
0.010738370604382421
0.010694911532966873
0.010651708615997551
0.010608761896467811
0.010566071572150245
0.010523638316164135
0.010481462596561818
0.010439545045298287
0.010397886432331015
0.010356487970017557
0.010315350765352475
0.010274476280442956
0.010233865986957996
0.010193521724904616
0.010153444926269494
0.01011363835912349
0.010074103828667321
0.010034844035811986
0.009995861590484123
0.009957159697595773
0.009918741292161826
0.009880609866899556
0.009842769194937356
0.009805222928839839
0.009767975456245475
0.009731031632505169
0.00969439566670255
0.009658072872385617
0.009622068604077215
0.009586388799170493
0.009551039484531117
0.009516026894357104
0.009481358168490158
0.009447040404497963
0.00941308150719377
0.009379489281332188
0.00934627236812656
0.009313440097197853
0.009281001893633442
0.009248967882586985
0.00921734856950949
0.0091861555646353
0.00915540067074594
0.009125096505306105
0.009095256261059125
0.009065894068395737
0.009037024694301364
0.009008663858179385
0.008980828232245138
0.008953535062551345
0.008926802959931042
0.008900651517476675
0.008875101646826906
0.00885017491065786
0.00882589460246559
0.008802285198029038
0.00877937288944006
0.008757185265585186
0.008735751755032207
0.008715103163405674
0.008695272686049993
0.008676295426972772
0.008658208914717967
0.008641052618069226
0.008624868937313322
0.008609703178958966
0.008595603315913017
0.008582620664412653
0.008570810226561847
0.00856023015838595
0.008550943045732274
0.008543015205744806
0.008536517316204082
0.00853152431636893
0.008528114854890818
0.008526369944926795
0.008526369944926795
