0.4081018800320989
0.4096776343489011
0.4128203239985656
0.4175283964320652
0.4238061737667587
0.4316621333375736
0.4411065998026217
0.45214851109556786
0.4647907254890293
0.4790231023442707
0.49481217612553746
0.5120856367795461
0.5307088907611254
0.5504495665809723
0.5709237895287295
0.5915153233327172
0.6112557301383142
0.6286526883335949
0.6414614551469848
0.6464297592326699
0.639150542144631
0.6143923456997729
0.567622561631912
0.4983754117727053
0.41420380152322406
0.3302546563404985
0.26116455277848316
0.21259923360813018
0.1815083236324107
0.16193748673372443
0.14905326468243138
0.1399326536525959
0.13300311265186004
0.12742990908178675
0.12274974566544289
0.11868880105188474
0.11507580326120559
0.11179887545328257
0.10878256980553896
0.10597475752658961
0.1033386954069791
0.10084800310817563
0.09848337469431938
0.09623037419661916
0.09407793612738753
0.09201733857175778
0.09004149953819574
0.08814449730469437
0.086321245321645
0.08456727383009367
0.0828785838004533
0.08125154921843636
0.07968285057084001
0.07816942886360609
0.0767084520911284
0.07529728993916343
0.07393349330696625
0.07261477701720359
0.0713390051912438
0.07010417804738492
0.06890842015860366
0.06774997008021649
0.0666271711340816
0.06553846287944436
0.06448237395105273
0.06345751548142642
0.06246257466189662
0.06149630989635611
0.06055754591003265
0.05964516904340502
0.05875812346198616
0.05789540760449076
0.05705607048881933
0.05623920870121318
0.05544396348119106
0.054669518246029065
0.0539150956302967
0.05317995599603758
0.05246339414811331
0.05176473848607713
0.05108334810074795
0.05041861171001874
0.049769945557496434
0.04913679248876864
0.04851861991951898
0.0479149187815864
0.04732520216874218
0.046749004236531014
0.04618587937936469
0.045635400272235845
0.04509715800548348
0.044570760264835564
0.044055831450803835
0.043552010806227004
0.043058952661633745
0.04257632441035031
0.04210380736669207
0.041641095263933094
0.041187893479644334
0.04074391896424079
0.040308899612570205
0.03988257376851952
0.03946468910495407
0.03905500340216804
0.03865328300059094
0.038259302521556446
0.03787284536933159
0.03749370297711652
0.037121673504406164
0.03675656244697233
0.03639818245116716
0.03604635317013774
0.03570089922972683
0.035361652229270964
0.03502844938508596
0.034701133464352246
0.0343795520998315
0.03406355832084767
0.033753010404019235
0.03344777039724637
0.03314770588926451
0.03285268774280005
0.03256259141385454
0.03227729681776846
0.03199668703731655
0.03172064875204956
0.03144907265185523
0.031181852317590252
0.0309188854985004
0.03066007144670724
0.030405314479109765
0.03015452021712482
0.029907597988460637
0.029664459061006506
0.02942501818309278
0.02918919191007948
0.028956899643383195
0.028728062800488192
0.028502605494574004
0.028280453350248702
0.028061534785710607
0.027845779479394598
0.027633120256919372
0.027423490229941984
0.027216825634369335
0.027013064361905686
0.026812144898229293
0.026614008641606086
0.026418597754951395
0.026225856426217397
0.026035730490871205
0.025848166225440953
0.025663112285263464
0.025480518633306488
0.02530033552092967
0.025122515914327744
0.024947012998687172
0.024773781524086557
0.024602776966526397
0.024433956735582494
0.024267278309490898
0.024102701020495026
0.02394018491243991
0.023779690905513594
0.02362118080657569
0.023464617891027488
0.023309965811390568
0.023157188944419205
0.02300625312859484
0.02285712458197912
0.022709770437313447
0.022564158360982498
0.02242025710551799
0.022278036333909363
0.022137465631362277
0.021998516059897617
0.021861158870165716
0.021725366181719965
0.021591110462228544
0.021458365535618695
0.021327104875926824
0.02119730316856579
0.021068934917541277
0.020941976593037512
0.020816403679236473
0.020692193037765583
0.02056932158758886
0.02044776730270571
0.020327508065818064
0.02020852228220109
0.020090789463805672
0.01997428851585599
0.019858999610655917
0.01974490336459368
0.01963197968709515
0.019520210305863126
0.019409576686978573
0.01930006040129515
0.019191644127303065
0.019084309986163252
0.018978041147037543
0.018872820890588372
0.018768633048346552
0.018665461024332804
0.01856328959899497
0.018462102995667824
0.01836188622255796
0.01826262431156096
0.01816430314308021
0.018066907837003734
0.017970424576520875
0.01787483979633141
0.017780139836960532
0.017686311526444957
0.017593341942728928
0.01750121822668364
0.017409927794264136
0.017319458698137825
0.017229798520128126
0.01714093556990431
0.017052858312172573
0.016965555194830957
0.016879015130858904
0.016793227048702668
0.01670818016061719
0.01662386371310554
0.01654026763844918
0.016457381182665428
0.016375194834144048
0.016293698320582747
0.016212881973712328
0.016132736316662136
0.01605325199209479
0.015974419778078983
0.01589623038543174
0.01581867534336358
0.01574174536853025
0.015665432305044795
0.015589727336120827
0.015514622343724782
0.015440109149750064
0.015366179530580438
0.015292825803534468
0.015220039998587398
0.015147814618462792
0.015076141899568211
0.015005014717515957
0.014934425670751247
0.014864367512661413
0.014794833402970718
0.014725816282636247
0.01465730917318336
0.014589305732039587
0.014521799158875224
0.014454782988239828
0.014388250898282958
0.014322196499810707
0.014256613718049283
0.014191496423322047
0.01412683875881705
0.014062634835024233
0.013998878555319462
0.01393556477917768
0.013872687588231321
0.013810241397696642
0.013748221113299923
0.013686621232339565
0.01362543649002
0.013564661934945025
0.013504292411506632
0.013444322899377109
0.013384748714706822
0.013325564832002746
0.013266766764907829
0.013208349705483945
0.013150309350402584
0.013092640885004527
0.013035340349457171
0.01297840319336957
0.01292182517343988
0.012865602348370085
0.012809730511674135
0.012754205718822142
0.01269902413474534
0.012644181828898335
0.012589675222243822
0.012535500452019191
0.01248165413204513
0.012428132633996055
0.012374932565120176
0.012322050609669071
0.012269483456234832
0.01221722798001314
0.012165280935845233
0.012113639541131276
0.01206230049805002
0.012011261233496691
0.0119605188318429
0.011910070646641987
0.011859913956437934
0.011810046301565654
0.011760465146498365
0.011711168213139373
0.011662153172501275
0.011613417739332887
0.011564959998069382
0.011516777663130787
0.011468869042083782
0.01142123201275902
0.011373865203122434
0.011326766531627338
0.011279934797463172
0.01123336827737941
0.011187065735199241
0.011141025880995501
0.011095247553450201
0.011049729634103207
0.011004471269745766
0.010959471582881302
0.010914729807525971
0.010870245383965894
0.010826017761937236
0.01078204662952732
0.010738331725991094
0.0106948727674407
0.010651670083651735
0.010608723502074978
0.010566033479739185
0.010523600356515008
0.01048142470585092
0.010439507285179993
0.010397848916713111
0.010356450640225712
0.010315313669515392
0.010274439290951256
0.010233829153048529
0.010193484894672073
0.010153408466243906
0.010113601893868084
0.01007406756228367
0.010034807916771154
0.0099958257397091
0.009957123932955779
0.00991870567763299
0.009880574404700963
0.009842733850131645
0.009805187803970645
0.00976794062643798
0.009730996695509418
0.009694360877285138
0.009658038222965666
0.009622034185125387
0.009586354430523662
0.009551005182316505
0.009515992772102359
0.009481324191673864
0.009447006585966105
0.00941304765272733
0.009379455644263972
0.009346238912191183
0.009313406682400681
0.009280968525127414
0.009248934566438405
0.009217315451502332
0.009186122523798874
0.009155367693730388
0.009125063560670481
0.009095223390095377
0.009065861285695772
0.00903699197985712
0.009008631262730712
0.008980795590462777
0.008953502534536327
0.008926770533161757
0.008900619233618172
0.008875069175053148
0.00885014250306516
0.008825862186626846
0.008802252891533618
0.00877934069132136
0.008757153126254382
0.008735719517901069
0.00871507100452942
0.008695240537989007
0.00867626330035397
0.008658176673264606
0.00864102034581309
0.008624836714325367
0.008609670885916463
0.008595571042064444
0.00858258842614543
0.008570777868599663
0.00856019783485998
0.008550910629255698
0.008542982800792779
0.008536484904050857
0.008531491869577914
0.008528082281231256
0.008526337332004967
0.008526337332004967
