0.2983237631117251
0.29873155568614285
0.2995463133162263
0.3007675987811417
0.3023953199720668
0.3044297095152494
0.3068712645224695
0.3097207059225469
0.31297890621948066
0.3166468157804604
0.32072536862762724
0.3252153664322297
0.33011734234691076
0.33543138858137045
0.3411569511268952
0.34729257443707645
0.3538355906740494
0.36078173720869877
0.3681246868916706
0.37585547040309814
0.38396176527214293
0.3924270206941954
0.4012293799908615
0.41034035455318607
0.4197231935214639
0.4293308830389587
0.43910369804468347
0.44896621977177037
0.4588237259679675
0.4685578631199931
0.47802152871632586
0.4870329401195826
0.49536896596251107
0.5027579779244947
0.5088727905465427
0.5133247530825379
0.515660804038749
0.5153663375129204
0.5118780156879468
0.5046119398040264
0.4930132121846381
0.4766316459548623
0.4552234055087484
0.4288680223512189
0.3980748717849455
0.36383796500324306
0.32759408104941895
0.29105960284921506
0.25596785691307733
0.2237810904892376
0.19547400036712637
0.1714569952217215
0.15164298094721004
0.13560410089464714
0.1227465502404191
0.11245075323691762
0.10415709239041626
0.09740269571080347
0.0918255266273416
0.08715182544484712
0.08317810953314124
0.0797538129949665
0.07676699818725295
0.07413354277332533
0.07178933051779943
0.0696847426256874
0.06778080146328311
0.06604646191240948
0.06445668867881436
0.0629910713968752
0.061632810621269796
0.060367962968562804
0.05918487021154343
0.058073721138329
0.05702621081248586
0.056035272405315015
0.055094863880406776
0.05419979668444211
0.05334559699277555
0.0525283924599802
0.05174481915000392
0.05099194457756393
0.05026720371722192
0.049568345530112315
0.048893388078326445
0.04824058069662087
0.04760837199649719
0.046995382715423334
0.04640038261093983
0.04582227074549318
0.045260058625134617
0.044712855748469824
0.04417985719765903
0.04366033296346961
0.043153618747925074
0.04265910802766624
0.042176245195605165
0.04170451962679868
0.04124346053543236
0.040792632511907526
0.040351631644451325
0.039920082143999246
0.03949763340345731
0.03908395743040697
0.03867874660225984
0.03828171169961036
0.037892580180335624
0.03751109466212951
0.037137011585204924
0.036770100030704495
0.036410140674055104
0.036056924856943284
0.035710253762692545
0.03536993767989597
0.035035795340414004
0.03470765332752058
0.0343853455442788
0.034068712735004406
0.033757602050034946
0.0334518666515388
0.033151365355732404
0.03285596230464102
0.03256552666684642
0.03227993236148122
0.03199905780849335
0.031722785693845144
0.03145100275313744
0.03118359957122623
0.030920470399689048
0.030661512982608
0.03040662839596369
0.03015572090296392
0.02990869780562837
0.029665469311907847
0.029425948421270182
0.029190050806920914
0.028957694694713227
0.028728800774343873
0.028503292084206485
0.02828109394095476
0.028062133839216043
0.02784634135876725
0.027633648113196164
0.02742398764103764
0.027217295367925325
0.02701350852388437
0.02681256607515254
0.026614408661379492
0.02641897854181579
0.026226219541383416
0.026036076988225337
0.025848497677589368
0.025663429808026994
0.025480822928508878
0.025300627938785136
0.02512279699449381
0.0249472834893816
0.024774042000887307
0.024603028253951338
0.024434199090325227
0.02426751244796272
0.024102927312450437
0.023940403693517038
0.023779902576807604
0.02362138589569664
0.02346481650485292
0.02331015816999996
0.023157375545053524
0.0230064340956615
0.02285730012084506
0.022709940687210595
0.022564323689563837
0.02242041774118949
0.02227819218469602
0.02213761704688728
0.021998663069220038
0.021861301652626133
0.021725504870503277
0.021591245393694482
0.021458496515727617
0.02132723211991856
0.021197426687555837
0.021069055256399963
0.020942093391935215
0.020816517200036494
0.02069230329321965
0.02056942882482752
0.020447871415353622
0.020327609143258055
0.020208620589710263
0.020090884780213984
0.019974381186124428
0.019859089670184644
0.0197449905204814
0.019632064482808624
0.019520292674629965
0.019409656550312095
0.019300137967897698
0.019191719192421536
0.019084382828857716
0.018978111817490477
0.018872889413226672
0.01876869927162723
0.01866552532413867
0.01856335177793618
0.018462163206540663
0.018361944500655827
0.01826268081810661
0.01816435755019333
0.01806696043578576
0.017970475487241115
0.017874888946890828
0.017780187298313897
0.017686357322569672
0.01759338605125446
0.017501260694707383
0.017409968780925558
0.017319497987666844
0.01722983637620205
0.017140971992666364
0.017052893222395234
0.016965588663368007
0.016879047156898093
0.01679325774092709
0.016708209517040034
0.016623891833558117
0.016540294339822435
0.016457406844022582
0.016375219147777013
0.016293721388609798
0.01621290387611895
0.016132757137495565
0.016053271659275496
0.01597443818230582
0.015896247815085113
0.01581869148185515
0.01574176058691519
0.015665446371307245
0.01558974046512125
0.015514634514976141
0.015440120240400292
0.015366189725979888
0.015292834981482671
0.015220048276492081
0.015147821914548089
0.015076148423337914
0.01500502038690507
0.014934430492602234
0.014864371576857738
0.014794836555622307
0.014725818560533774
0.01465731074664665
0.014589306512696952
0.014521799153670571
0.014454782251390921
0.01438824939284916
0.01432219426605525
0.014256610749304791
0.01419149280846773
0.014126834419814683
0.014062629706922368
0.013998872969503362
0.013935558491713967
0.013872680592494186
0.01381023391649052
0.01374821300215997
0.013686612518454162
0.013625427248352641
0.013564652032299979
0.013504281931312298
0.013444311895499904
0.013384737119685703
0.013325552725002951
0.013266754100635396
0.013208336607685887
0.013150295682876815
0.013092626903070602
0.013035325773605473
0.012978388087929973
0.012921809613132594
0.012865586261606854
0.012809713998926315
0.01275418882256046
0.012699006771507607
0.012644164098231988
0.012589657038387431
0.012535481858622242
0.01248163513371673
0.01242811315874793
0.012374912716386384
0.012322030359605952
0.012269462871112262
0.012217207034420925
0.012165259706186383
0.012113617900771955
0.012062278647044204
0.012011239036715237
0.011960496305092468
0.011910047747184307
0.011859890709614749
0.011810022668598739
0.011760441278401184
0.011711144087517012
0.011662128813742782
0.011613393127748655
0.0115649349405292
0.011516752349687886
0.011468843359177588
0.011421206188499558
0.011373839047859253
0.011326740296910722
0.011279908166759143
0.011233341459849642
0.011187038678802995
0.011140998581220005
0.011095220017270745
0.011049701888770753
0.011004443274458936
0.010959443396636183
0.010914701399800572
0.010870216774867244
0.01082598894274522
0.01078201762010873
0.01073830248213144
0.010694843432933867
0.010651640491602993
0.010608693808177326
0.010566003595200223
0.010523570256903023
0.01048139442435533
0.010439476801974757
0.010397818278314798
0.010356419886603185
0.010315282787128685
0.010274408281582527
0.010233797911491859
0.010193453579778225
0.010153377004512193
0.010113570277866512
0.010074035802901914
0.010034776063245125
0.00999579364851173
0.009957091705809391
0.009918673314247095
0.009880542019281189
0.009842701337812737
0.009805155239332761
0.009767907914864852
0.009730963964110273
0.009694328013253308
0.009658005302041495
0.009622001214191763
0.00958632138719929
0.009550972057461712
0.009515959636390767
0.00948129097720582
0.009446973307465764
0.009413014316103873
0.009379422184395523
0.009346205536234956
0.009313373304523408
0.009280935001547655
0.009248900991166148
0.009217281961816667
0.009186089069036642
0.009155334211924463
0.009125029988835399
0.009095189921574239
0.009065827751232877
0.009036958420919745
0.009008597641080748
0.008980762103593077
0.008953469171925825
0.008926737132734864
0.0089005857599557
0.008875035780567317
0.008850109119713146
0.008825828944062985
0.008802219682693763
0.008779307464173741
0.008757119987362358
0.008735686369453332
0.008715037750610943
0.00869520748840818
0.008676230304947073
0.008658143720237129
0.008640987564417528
0.008624804005038966
0.008609638330057155
0.008595538567486885
0.008582556154697881
0.008570745493174438
0.008560165661875542
0.008550878692218915
0.00854295090029865
0.008536453200084733
0.00853146007371233
0.00852805047636864
0.008526305759102959
0.008526305759102959
