0.3368765350806288
0.3375572020752871
0.33891652553157076
0.34095370261412067
0.3436690269847413
0.3470637361491891
0.35113981726093807
0.3558997600849868
0.36134631117381827
0.36748203369004023
0.37430888702964227
0.3818275737299348
0.3900367412360412
0.39893194358070033
0.4085042617341953
0.4187385206713696
0.4296109406743175
0.44108605639554715
0.4531126737231234
0.46561855828135285
0.47850347568612356
0.4916300995463897
0.5048122113531849
0.5177995480988451
0.530258684435887
0.5417495970928101
0.551698305876851
0.5593676657707485
0.5638317135783767
0.563964905528219
0.5584669033605794
0.5459554751996805
0.5251689110294167
0.49530964885710965
0.4565062116056869
0.4102527116392857
0.35954791200609826
0.3084514754389079
0.2610609428285996
0.22036851163615032
0.1876302748103885
0.16251453582623318
0.14375220324714
0.12981522852665867
0.11934156203262697
0.11128912203219214
0.10492549376347139
0.0997568442350781
0.0954537606180285
0.09179424041090042
0.08862529434590012
0.08583862107957287
0.08335550077811434
0.08111735414192238
0.07907971246282189
0.07720825417307695
0.07547612065077425
0.0738620469307966
0.07234902736988578
0.07092334264089875
0.06957383713730476
0.06829137389998101
0.06706841792615006
0.06589871396879309
0.06477703497763748
0.06369898408882482
0.0626608377178884
0.0616594205358697
0.06069200536140879
0.05975623268002976
0.05885004576633551
0.05797163823294257
0.057119411611471264
0.056291940965380906
0.05548794699190069
0.05470627329326733
0.0539458677254479
0.05320576745185126
0.05248508648789417
0.05178300524975473
0.05109876223487946
0.050431647525660116
0.0497809966592334
0.049146185262514956
0.048526625743586245
0.04792176376218442
0.04733107467350914
0.04675406122064244
0.04619025139121309
0.0456391967467313
0.045100470015880106
0.04457366425253013
0.04405839070265637
0.04355427866560523
0.043060973123430206
0.04257813477911951
0.04210543885107527
0.04164257377858739
0.041189240678238086
0.04074515305320561
0.04031003590581817
0.03988362525996539
0.039465666688508746
0.0390559157061242
0.038654137817157
0.038260107101048046
0.03787360472585148
0.037494421942409435
0.03712235597537845
0.03675721217132809
0.036398802570087825
0.03604694579994784
0.035701466964431085
0.035362196858533916
0.035028972897160775
0.03470163700953801
0.03438003722778078
0.03406402635672364
0.0337534622110074
0.03344820711270753
0.03314812826307885
0.0328530964611873
0.032562987551683485
0.032277680796400615
0.0319970591763375
0.03172100996032441
0.03144942309907265
0.031182193070725565
0.03091921616328202
0.03066039332916379
0.03040562727709769
0.030154824494346828
0.029907893954569463
0.029664747169200277
0.02942529847456454
0.029189464912641808
0.028957165488701492
0.028728321767360804
0.02850285768236
0.02828069918547273
0.028061774268580683
0.02784601310593027
0.027633347868583846
0.02742371223379105
0.02721704221610174
0.027013275304458746
0.02681235066099583
0.026614209258007754
0.02641879342318325
0.026226047452588663
0.02603591649595937
0.02584834782147809
0.025663289460745118
0.025480691285970972
0.0253005042076611
0.025122680435180567
0.024947173452285774
0.024773937882358422
0.02460292951927294
0.024434105448370148
0.024267423421712054
0.024102842553691165
0.023940322887155144
0.023779825380440486
0.023621312063415965
0.02346474580439476
0.02331009035824603
0.023157310532001166
0.023006371666583814
0.02285724004960939
0.02270988282011034
0.02256426793500988
0.022420363953166367
0.02227814032274174
0.022137566999694255
0.02199861469255705
0.021861254849666643
0.021725459588036507
0.021591201495307914
0.021458453962699423
0.02132719091224322
0.021197386757304294
0.021069016463113658
0.020942055651068357
0.02081648051446669
0.02069226773033154
0.02056939428738093
0.020447837770915814
0.02032757635544356
0.020208588776891873
0.02009085378310034
0.019974350930662653
0.019859060265919506
0.019744961924918966
0.019632036547647187
0.019520265378465834
0.01940963000168489
0.019300112048792048
0.0191916939673893
0.019084358070352556
0.018978087670812795
0.01887286578999736
0.018768676251734277
0.01866550275508005
0.018563329771003355
0.01846214177589437
0.018361923455691608
0.01826266030706302
0.018164337484819753
0.018066940794910086
0.017970456165398697
0.017874870104522968
0.01778016887162555
0.017686339198286615
0.017593368281264527
0.017501243325190555
0.01740995188167672
0.017319481443773984
0.01722982008972459
0.017140956180647413
0.017052877623392176
0.01696557345576279
0.01687903237249899
0.016793243108721084
0.01670819512035044
0.016623877524703016
0.01654028049443731
0.016457393294029767
0.01637520586552731
0.016293708229572053
0.01621289101076957
0.016132744605957823
0.016053259339966035
0.01597442610204768
0.01589623583024302
0.01581867991027711
0.015741749132467044
0.015665435258028694
0.015589729466110872
0.015514623732500748
0.015440109695105543
0.015366179271005014
0.015292824759052906
0.015220038222774375
0.015147812055208815
0.015076138735264394
0.015005010946510654
0.01493442108897859
0.014864362110183897
0.014794827532669244
0.014725809665990078
0.014657302096163666
0.014589298042772094
0.014521790762490914
0.014454773911847575
0.014388241193779338
0.014322186378408505
0.014256602900034525
0.014191485269641771
0.014126826857473341
0.014062622446802404
0.013998865779825845
0.013935551315798872
0.013872673458736788
0.013810226894498437
0.013748206123027833
0.013686605796055273
0.01362542061301307
0.01356464553070936
0.013504275543861487
0.013444305614405893
0.013384730890154321
0.013325546844371986
0.013266748192240833
0.013208330620003698
0.01315028983670493
0.013092621122400025
0.013035320111487685
0.012978382642886371
0.012921804117202037
0.012865581056055337
0.01280970865413729
0.012754183726464535
0.012699001681994034
0.012644159081249306
0.012589652040639587
0.012535477003123607
0.012481630404276902
0.01242810829270021
0.01237490810106899
0.012322025829895786
0.012269458482873129
0.012217202720681292
0.012165255381501141
0.012113613692883536
0.012062274328292185
0.012011234776487906
0.01196049216436625
0.01191004366494919
0.011859886778274173
0.011810018715951031
0.011760437311704564
0.011711140221490238
0.011662124989988129
0.011613389345613045
0.011564931181931337
0.011516748783869197
0.011468839890730697
0.011421202583168522
0.011373835509239807
0.011326736839178836
0.011279904823799931
0.011233338004620019
0.011187035204508918
0.011140995349189843
0.011095216744766849
0.011049698640868645
0.011004439860179871
0.010959440233206335
0.01091469833894175
0.01087021361249744
0.010825985865617298
0.010782014565768404
0.010738299456112483
0.01069484037608997
0.010651637557987894
0.010608690872022358
0.010566000570762974
0.010523567361927487
0.01048139160629926
0.01043947400689491
0.010397815628453724
0.010356417061016738
0.010315279980112248
0.010274405471337358
0.010233795234135167
0.010193450766360896
0.010153374313082688
0.010113567581649099
0.010074033165478216
0.010034773527248669
0.009995791222374128
0.00995708911920977
0.009918670744856452
0.00988053951247348
0.009842698870425338
0.00980515275391332
0.009767905468436583
0.009730961423394274
0.009694325607289934
0.00965800294295523
0.009621998755641665
0.009586318897211203
0.009550969426703292
0.009515957161875477
0.009481288506170502
0.0094469707957626
0.009413011961672879
0.009379419923676111
0.009346203036051978
0.009313370763627198
0.00928093261274126
0.009248898769618657
0.009217279589023955
0.00918608667431629
0.009155331757298431
0.00912502756111953
0.009095187375486638
0.009065825366011266
0.009036956194307175
0.009008595247641069
0.008980759676540787
0.008953466694101278
0.008926734682177622
0.00890058336028726
0.008875033345151735
0.008850106781310124
0.008825826503959041
0.008802217296036276
0.008779305015051796
0.008757117524487332
0.008735683825835073
0.008715035440874912
0.008695205054596743
0.008676227914175865
0.00865814124835839
0.008640984812423267
0.008624801453129547
0.008609635541648541
0.008595535688470496
0.008582553288438485
0.00857074276795291
0.008560162700698416
0.008550875581005197
0.008542947703142359
0.008536449847124749
0.0085314568620575
0.008528047410892706
0.008526302422482663
0.008526302422482663
