0.3657578674954671
0.36672742208253634
0.3686627834011636
0.3715628373060156
0.37542875546414156
0.38026357112183357
0.38607166791314773
0.39285808621457746
0.400627647193603
0.40938373557001534
0.4191266823438742
0.42985153093395995
0.44154498341263915
0.4541811830926584
0.46771588669138026
0.4820783900991582
0.49716033460021364
0.512800201190579
0.5287619067165437
0.544705485311526
0.560147514531215
0.5744091066767448
0.5865508167436332
0.5952985922172992
0.5989764450040554
0.5954853771799459
0.5824092831669706
0.5573799372871193
0.5188450053953193
0.4672267130294163
0.40599533078273314
0.3416263829014735
0.28166961623807296
0.23178642744308608
0.19395125459653287
0.16694658131809997
0.14812222755921642
0.13486506183966684
0.12521501939269045
0.11788807064048298
0.11209171228670296
0.10734117331406644
0.10333311468230558
0.09987053103555744
0.09682038833757654
0.09408971960728527
0.09161172135286066
0.08933731422164563
0.08722979291516161
0.08526130064997192
0.0834104290704626
0.08166053984283131
0.07999856488099162
0.07841413338977167
0.07689892741826669
0.07544620087302864
0.07405041758244349
0.07270697702009829
0.07141200604848755
0.07016220013735282
0.06895470236583891
0.06778701095235709
0.06665690852846945
0.06556240816412638
0.06450171212760765
0.06347318021024662
0.062475304994695134
0.06150669283875159
0.0605660490070821
0.05965216558128861
0.058763911876944054
0.05790022605894993
0.057060109641138085
0.05624262078126767
0.05544687032755988
0.05467201671691601
0.05391726307148553
0.05318185379518851
0.05246507152381677
0.051766234190484116
0.051084693103506384
0.05041983092029531
0.049771058768057715
0.04913781566246789
0.04851956585449274
0.047915797841815815
0.04732602290340754
0.046749773729204636
0.04618660308237926
0.04563608317443798
0.045097804021082294
0.04457137306969748
0.04405641384882999
0.043552565425162885
0.04305948142002912
0.042576829476044444
0.042104290433660284
0.04164155773725873
0.04118833676070853
0.04074434435445669
0.04030930816846242
0.03988296638180239
0.03946506673868426
0.039055366744437
0.038653632698667055
0.0382596395508052
0.03787317044040862
0.037494016368426246
0.03712197575848564
0.03675685429345536
0.03639846442737628
0.03604662527355015
0.03570116210336659
0.03536190635037263
0.03502869500444085
0.034701370784122276
0.034379781556442036
0.034063780355738586
0.033753225024852146
0.03344797814236957
0.03314790669662087
0.032852882031621275
0.03256277960058822
0.03227747880656989
0.03199686293073876
0.03172081891726972
0.03144923720396128
0.031182011647917826
0.030919039368470985
0.03066022057586953
0.030405458596985246
0.030154659527524108
0.02990773246780559
0.029664589106498346
0.029425143799271337
0.029189313318833916
0.028957016874785517
0.028728176028400408
0.028502714629985708
0.028280558662546747
0.028061636258574385
0.02784587751023094
0.027633214507590518
0.027423581192092508
0.027216913384055363
0.027013148565698343
0.02681222594518062
0.026614086477963216
0.0264186726378891
0.02622592843009069
0.026035799334976444
0.0258482322908883
0.02566317567883162
0.025480579057992236
0.02530039352886142
0.02512257136361136
0.02494706590348249
0.02477383184313076
0.02460282499599855
0.024434002264158875
0.024267321659466393
0.024102742184005287
0.023940223763578985
0.023779727561010877
0.023621215572042005
0.023464650548793715
0.023309996365740722
0.02315721774748395
0.023006280002259023
0.022857149527675785
0.02270979342945956
0.022564179727190558
0.022420276917932903
0.02227805426803262
0.02213748193887452
0.021998530682881556
0.021861171854298395
0.02172537757895005
0.021591120682180158
0.021458374165967083
0.021327112067684794
0.021197308948384848
0.02106893952786908
0.02094197969478101
0.02081640549463145
0.02069219354155601
0.0205693210180743
0.020447765503036786
0.02032750493114593
0.020208518149549937
0.020090784199434174
0.019974282294456053
0.019858992256752032
0.019744894663512782
0.019631970228096852
0.019520200002557397
0.01940956523023729
0.01930004824023308
0.01919163094109455
0.019084295898664803
0.018978026207586145
0.018872805146534864
0.01876861636956112
0.018665443675644034
0.018563271333667045
0.018462084060438474
0.018361866564218635
0.018262604148039707
0.018164282010225324
0.018066886080181553
0.017970402224431435
0.017874816831232716
0.01778011632281725
0.01768628741678018
0.017593317242743337
0.01750119277302939
0.017409901964427165
0.01731943221228355
0.017229771554045828
0.017140908205670515
0.017052830384965714
0.01696552691336537
0.016878986296718235
0.016793197720976323
0.01670815043688023
0.016623833716164375
0.01654023704977792
0.016457350384524727
0.016375163539208894
0.016293666489066085
0.016212850050747546
0.01613270417205353
0.01605321932617304
0.01597438672580697
0.01589619733849016
0.01581864182195707
0.015741711388469373
0.01566539814225725
0.01558969292881758
0.015514587661166548
0.01544007423944191
0.015366144527719389
0.015292790443699111
0.015220004489945977
0.015147778752088024
0.015076105965242007
0.015004978658500666
0.014934389279566793
0.014864331083673956
0.014794796746195202
0.014725779387965205
0.014657272182873323
0.014589268708765764
0.014521761975599732
0.014454745694713595
0.014388213260746217
0.014322158955321287
0.014256576070167495
0.014191458742525939
0.014126800790548304
0.01406259672376064
0.013998840581168969
0.01393552675115773
0.013872649282259722
0.013810203119582165
0.013748182845561325
0.013686582888004855
0.013625398127868123
0.013564623558206533
0.013504253900221584
0.013444284374359496
0.013384710080300177
0.01332552618466754
0.01326672810831552
0.01320831108576399
0.013150270753744147
0.0130926023680469
0.0130353016733111
0.0129783645125418
0.012921786626257797
0.012865563692787983
0.012809691889321505
0.012754167127937149
0.012698985641827828
0.01264414327118017
0.012589636688291966
0.012535461875682044
0.012481615727675711
0.012428094294128483
0.012374894164567914
0.012322012360240709
0.012269445298285516
0.012217189748531568
0.012165242811077037
0.01211360145770142
0.012062262501586747
0.01201122327746
0.011960480981898253
0.011910032729780022
0.01185987630459543
0.01181000860548965
0.011760427469675594
0.011711130693370052
0.01166211572239129
0.011613380409763695
0.01156492254435621
0.011516740417058281
0.011468831999299078
0.011421195048401382
0.011373828103165914
0.011326729715814329
0.011279898053002295
0.011233331552375977
0.011187029237652088
0.011140989411587005
0.011095211183910915
0.011049693348304607
0.011004435205844845
0.010959435403510983
0.010914693834671956
0.01087020948702866
0.010825982037580773
0.01078201102437902
0.010738296143854844
0.010694837443463659
0.010651634786402069
0.010608688361356556
0.010565998457683247
0.010523565336065391
0.010481390012923312
0.010439472510314915
0.010397814351097233
0.010356416218264044
0.010315279238277611
0.010274405127735423
0.010233795092528272
0.01019345093780831
0.010153374573530872
0.010113568083519693
0.01007403390792868
0.01003477448628483
0.009995792427054815
0.009957090719340048
0.009918672536161261
0.009880541440711982
0.00984270091029118
0.009805155090339463
0.009767908053653065
0.009730964282528787
0.009694328686069453
0.009658006220380039
0.009622002055925068
0.00958632257375881
0.009550973465394687
0.00951596133235286
0.009481292738857736
0.00944697539547326
0.009413016515949776
0.009379424815545342
0.009346208053186242
0.009313376163466112
0.009280938035075374
0.009248904369768824
0.009217285272644109
0.00918609256410418
0.00915533797412414
0.00912503402578167
0.009095193811713313
0.009065832060463552
0.00903696285492107
0.009008602341145172
0.008980766828722961
0.00895347404577428
0.008926742011781763
0.00890059112225596
0.008875041108646687
0.008850114726856305
0.008825834353613102
0.008802225538793337
0.008779313432253378
0.008757125910624757
0.00873569262388819
0.00871504425318177
0.00869521388655196
0.008676236842796106
0.008658150287365276
0.008640994173656883
0.008624810818693906
0.008609645083754667
0.008595545309556314
0.0085825630350887
0.008570752493305711
0.008560172638334829
0.00855088567971927
0.008542957857737616
0.00853646001939265
0.008531467247412307
0.008528057678383836
0.008526312667162498
0.008526312667162498
