2.0359934302213127
2.0846825065560655
2.0412523030508574
0.7170098571943492
0.5191075684167056
0.45025114316519377
0.40622963881302093
0.3729838205767699
0.3460046396271203
0.3232914689178787
0.3036941712404932
0.2864660968386682
0.271122877842705
0.25732408085885755
0.24482764541965862
0.23344716067058485
0.22302525609579466
0.21343454192797973
0.20457714275165997
0.19637347189571172
0.18875339413813164
0.18165521116401254
0.17502631147658965
0.1688217168798608
0.1630022650338614
0.15753373328822315
0.15238628537883525
0.14753378150289304
0.14295297191461115
0.13862277049567348
0.13452384454463667
0.13063850348231668
0.12695071925853102
0.12344611068011649
0.12011182758994193
0.1169363475594273
0.11390924461007532
0.1110209811840395
0.10826276133323141
0.10562644131324947
0.10310448994896551
0.1006899683575357
0.09837649177887255
0.09615819554018476
0.09402966926546198
0.09198589331080967
0.09002218306023463
0.08813414220935345
0.08631764010366395
0.08456879536554116
0.08288397411702784
0.08125978458301006
0.07969307137338309
0.07818090433283989
0.07672056688005675
0.07530953369853487
0.07394546007080414
0.07262615905862907
0.07134958696833682
0.07011382822826674
0.06891708064421385
0.0677576434737265
0.0666339079079762
0.06554434754869912
0.06448751336083886
0.06346202660846074
0.06246657703586217
0.06149991744519232
0.0605608619300449
0.05964828325772412
0.058761109871052354
0.05789832387927464
0.05705895863905647
0.05624209619712794
0.05544686498259093
0.05467243744329507
0.05391802760310111
0.053182888789558375
0.052466311402543084
0.051767620687063996
0.05108617469974421
0.05042136228997896
0.04977260116398964
0.04913933621838897
0.04852103776003063
0.047917199959265945
0.04732733941609627
0.04675099380062909
0.046187720538659265
0.045637095767022656
0.045098713240630396
0.04457218320320441
0.04405713183795423
0.043553200080110814
0.04306004313489211
0.04257732964733457
0.04210474111627686
0.04164197130025211
0.04118872561729985
0.040744720686158704
0.040309683761400136
0.03988335236234671
0.039465473731728436
0.03905580447493712
0.0386541101172982
0.0382601647556113
0.03787375065381575
0.03749465792168831
0.037122684144434336
0.036757634052518924
0.03639931926504677
0.03604755797423981
0.03570217462418186
0.03536299972217363
0.03502986956942305
0.034702625983923145
0.034381116098540575
0.03406519220646189
0.033754711475617045
0.03344953581111524
0.03314953166854187
0.032854569871048574
0.0325645254545906
0.03227927749283617
0.03199870898473949
0.03172270664865079
0.03145116082133851
0.031183965340408536
0.030921017330817906
0.03066221719371892
0.03040746835722587
0.0301566772606863
0.02990975317647373
0.029666608124850235
0.029427156756146877
0.029191316247951998
0.02895900621874309
0.028730148625034556
0.028504667685198472
0.02828248976285667
0.028063543286537686
0.02784775871836297
0.02763506843541218
0.02742540670734991
0.027218709535133757
0.027014914734198
0.026813961717270008
0.02661579155036087
0.02642034689518268
0.026227571837724575
0.026037412038982372
0.02584981447604955
0.025664727586071228
0.025482101072301394
0.02530188592860036
0.025124034480244705
0.024948500195421504
0.024775237759806033
0.024604202943067456
0.02443535268783069
0.02426864497293031
0.02410403883757532
0.0239414943598669
0.023780972528422102
0.023622435367841473
0.023465845784149376
0.023311167630264053
0.023158365538759145
0.023007405078115283
0.022858252598080473
0.022710875225174544
0.02256524090935403
0.022421318366858838
0.022279076979326875
0.02213848682726831
0.021999518781295756
0.021862144269552682
0.02172633541440472
0.021592064970325855
0.0214593063177187
0.021328033354600574
0.021198220640520897
0.021069843280967653
0.02094287687052144
0.02081729754870623
0.02069308207932035
0.02057020751364203
0.020448651555814174
0.02032839238420277
0.02020940847190539
0.020091678950587083
0.019975183238354302
0.01985990120351201
0.019745813182268025
0.019632899890182187
0.01952114234662112
0.019410522082988192
0.019301020919202036
0.01919262105413618
0.019085305037474673
0.018979055784078984
0.018873856520386582
0.01876969079203838
0.018666542500094384
0.0185643958024276
0.01846323522562879
0.01836304555360101
0.018263811849245824
0.018165519499051007
0.018068154128542242
0.017971701700051083
0.017876148286451527
0.017781480432819942
0.017687684768351825
0.017594748229497054
0.017502658041186715
0.017411401596092026
0.0173209664932922
0.017231340688891393
0.017142512228390243
0.01705446944380228
0.016967200857939933
0.016880695182845067
0.016794941406132628
0.01670992864527233
0.016625646202858932
0.01654208362739675
0.016459230644073918
0.016377077135303526
0.016295613175610926
0.016214828990573638
0.01613471504415557
0.016055261892509783
0.01597646030574807
0.015898301182394232
0.01582077559966467
0.015743874792582203
0.015667590114005998
0.015591913116891207
0.015516835471699887
0.015442348944581243
0.015368445496738619
0.015295117206798338
0.015222356285609247
0.015150155078923538
0.015078506026032466
0.015007401749890478
0.014936834931759405
0.014866798382577144
0.014797285052628723
0.014728287977368042
0.014659800293565579
0.014591815274096797
0.01452432629035939
0.014457326811574944
0.01439081038307036
0.014324770668097706
0.014259201422292315
0.014194096468391561
0.014129449785965914
0.014065255368581171
0.014001507373217018
0.013938199974279307
0.013875327494050689
0.013812884259120622
0.013750864803308104
0.013689263631479095
0.013628075428729226
0.013567294880623783
0.013506916822662153
0.013446936189811123
0.013387347931359862
0.013328147147431387
0.013269329089121281
0.013210888985201695
0.013152822227007834
0.013095124409260975
0.013037790994642192
0.012980817747548877
0.012924200605649095
0.012867935364588788
0.012812018232775476
0.012756445388370152
0.012701213155835563
0.012646318111897464
0.012591756751276443
0.012537525996409603
0.012483622693139363
0.012430043978686673
0.012376787077422301
0.012323849429271217
0.01227122854544429
0.012218922158918281
0.012166928173814897
0.012115244559928046
0.012063869547479044
0.012012801387437634
0.011962038533421525
0.011911579518061533
0.011861422864343982
0.011811567453724848
0.011762011962593424
0.011712755132372316
0.011663795887323098
0.011615132867704627
0.011566764814579952
0.011518690402966903
0.011470908123836334
0.011423416295165741
0.011376213075179279
0.011329296299084633
0.011282663586500616
0.011236312238609835
0.011190239259428466
0.011144441234417123
0.011098914382279449
0.011053654314190258
0.011008656740035329
0.010963916233598665
0.010919427746267824
0.010875185327713114
0.010831183041664657
0.010787414473261056
0.010743873411905
0.010700553165112911
0.010657447554795887
0.01061455050793113
0.010571856170170842
0.010529359758779925
0.010487056753998565
0.010444944238886329
0.010403020107760641
0.010361284104325375
0.01031973768482644
0.010278384108506027
0.010237229079609072
0.010196280561930952
0.010155548949549046
0.010115047517492643
0.01007479192067945
0.010034800504393407
0.0099950938479673
0.009955694997211497
0.00991662815054383
0.009877919416724343
0.00983959479062124
0.0098016803805362
0.009764200969315157
0.009727178986562278
0.009690633586877053
0.009654579202049459
0.009619024192871544
0.009583970246057968
0.009549410237492903
0.009515328593847797
0.009481699597633345
0.009448487813009531
0.00941564812411279
0.009383126986581433
0.009350863442335317
0.009318792878766708
0.009286848880310757
0.009254969354967403
0.009223100544569415
0.009191204407604243
0.009159265066060242
0.009127296458570577
0.009095350129932239
0.009063521360791906
0.009031955485617046
0.009000849541623186
0.008970451808379801
0.008941054656646656
0.008912981162736021
0.008886563062545117
0.008862109967755301
0.008839868823262681
0.008819975973407931
0.00880240315060811
0.00878690381668881
0.008772965651847348
0.00875978460306138
0.008746274119561952
0.00873113676640491
0.008713014573608234
0.00869073023454635
0.008663602546317024
0.00863179524105863
0.008596637192978889
0.008560834573170412
0.00852853643870285
0.008505171637751979
0.00849601340250667
0.00850109415867958
0.008512378320032267
0.00853583688422612
0.008593118848199587
0.008598815146543967
0.008620885749247431
0.008620885749247431
