0.482732193926863
0.48623312558128884
0.4931974247633201
0.5036212139860179
0.5175195214622723
0.5349049164161962
0.5557525881722222
0.5799397235388313
0.6071371916532972
0.6366132771136909
0.6668767146962695
0.6950354586943626
0.7157010232634289
0.7193908296581373
0.6913837854423232
0.6157214183731263
0.49393929735753606
0.36572883636604586
0.27549245214527546
0.22695040686806867
0.20212695778315293
0.18770078013479882
0.17776962754262712
0.1700176415343718
0.1634713065433501
0.1576709604065296
0.15238002049333904
0.1474701231700432
0.14286867194207314
0.13853227521830414
0.13443263128657928
0.1305490623009111
0.12686476097336677
0.12336506804848053
0.1200367725616717
0.11686785785363653
0.11384739488792309
0.11096545888957865
0.10821303367769054
0.10558190791631436
0.10306457461253393
0.10065414312031021
0.09834426601745003
0.09612907993903051
0.0940031572860796
0.09196146558571301
0.08999933255761282
0.0881124150649135
0.08629667117734079
0.0845483354030892
0.08286389519512416
0.08124007101644067
0.0796737973184879
0.07816220572007569
0.07670260970617139
0.07529249062179266
0.0739294852923628
0.072611373785664
0.07133606949082856
0.07010160932928611
0.06890614471067112
0.06774793396847001
0.06662533420034253
0.06553679511574166
0.0644808523842352
0.0634561218962691
0.062461294626452765
0.06149513163437804
0.060556459483655616
0.059644165913339174
0.058757196606769466
0.05789455051860803
0.057055277531683005
0.056238474973953664
0.05544328473622488
0.054668890536319306
0.053914515796500494
0.05317942064114822
0.05246290065029506
0.05176428421688082
0.05108293065311132
0.050418228974395164
0.04976959570870255
0.04913647377872907
0.04851833082928589
0.04791465753318409
0.04732496760446829
0.046748795217259394
0.046185694446392804
0.0456352382790762
0.04509701774248699
0.044570641166236734
0.04405573255657626
0.04355193105606133
0.04305889124470045
0.04257628064306256
0.042103780635478934
0.04164108470871417
0.04118789862260434
0.04074393911416033
0.04030893420598019
0.039882622197925904
0.039464750753160714
0.03905507791024941
0.03865336969319318
0.03825940090563747
0.03787295544851562
0.037493823783684314
0.03712180479490746
0.03675670394937889
0.03639833378085644
0.036046513723775285
0.035701068643173836
0.035361830323622605
0.035028635850432074
0.03470132754705664
0.03437975387302847
0.03406376750112393
0.03375322656505865
0.03344799329008895
0.03314793494049976
0.032852922978472
0.03256283277544703
0.03227754402460797
0.03199693915469016
0.0317209057886707
0.03144933469916561
0.031182119302635876
0.030919156564326675
0.030660346816993853
0.030405593959953514
0.030154803440158473
0.02990788464388278
0.02966474917066812
0.029425311349085166
0.029189488054260092
0.028957198728497304
0.02872836455616157
0.0285029095976427
0.028280759673161814
0.02806184325018422
0.027846090333068323
0.027633432723485486
0.02742380456888377
0.027217141698341905
0.027013381491649745
0.026812463471209382
0.02661432841094487
0.026418918617814757
0.02622617832584127
0.02603605308090907
0.025848489447398666
0.025663436325216376
0.02548084291483286
0.02530066039573469
0.02512284121790326
0.02494733853563386
0.0247741070786038
0.024603102606656817
0.02443428230812681
0.02426760371290569
0.0241030264087808
0.02394050963368792
0.023780015539555287
0.02362150522212235
0.023464941814520558
0.023310288983466754
0.023157511701861193
0.0230065751928799
0.022857445979482183
0.02271009090481338
0.022564478257188755
0.022420575969210255
0.022278354406647435
0.022137782673846487
0.02199883211435195
0.02186147381859998
0.021725679984010683
0.02159142345692516
0.021458677169778718
0.021327415362354066
0.021197612377612373
0.021069242972194594
0.020942283338681075
0.02081670907207233
0.020692497003645657
0.020569624304822454
0.02044806860051525
0.020327807900380423
0.0202088209385959
0.020091086356313508
0.0199745839469913
0.019859293763376744
0.019745195734252225
0.019632270689888046
0.01952049978747576
0.01940986462545582
0.019300346697508266
0.019191928768906585
0.01908459302241392
0.01897832262144219
0.018873100788484837
0.018768911259018112
0.018665737742153944
0.018563564550653004
0.018462376285018418
0.01836215789481937
0.01826289441918249
0.018164571402140683
0.018067174375882948
0.01797068952085457
0.017875103074419592
0.017780401571104932
0.017686571480437934
0.017593600223897804
0.017501474696745956
0.017410182746032187
0.017319711890061505
0.017230049957375055
0.01714118538465433
0.017053106429123024
0.016965801555558623
0.01687925991658974
0.016793470034790883
0.016708421413000028
0.01662410335890286
0.016540505663209443
0.016457617527827467
0.016375429378572802
0.016293931184685553
0.016213113347468798
0.016132965939158514
0.016053479993555154
0.015974646064430012
0.015896455158740944
0.015818898323765065
0.015741966848527737
0.015665652020194192
0.015589945438256477
0.015514838821258266
0.015440324066160322
0.015366392887156834
0.015293037549919862
0.015220250260872502
0.015148023137917936
0.015076348870887197
0.015005220088264042
0.01493462947414657
0.014864569773311338
0.014795034071359289
0.014726015416654553
0.014657506872138562
0.01458950187210878
0.014521993775829148
0.014454976008348353
0.014388442432078888
0.014322386590726035
0.014256802242780565
0.014191683635064432
0.014127024431679382
0.014062818918494096
0.013999061362670191
0.01393574613283211
0.013872867389167
0.013810419895161226
0.013748398084613237
0.01368679680383729
0.01362561067855002
0.01356483471730383
0.013504463774250079
0.013444492946052175
0.013384917264849645
0.013325732123516358
0.013266932699992766
0.013208514237992647
0.013150472563018977
0.013092802806840517
0.01303550091421489
0.012978562468595162
0.012921983127871548
0.012865758992103698
0.012809885777778654
0.012754359807729768
0.012699177058251809
0.01264433332281544
0.012589825498807333
0.012535649465735717
0.012481801931728128
0.012428279134764724
0.012375077985656686
0.012322194814079248
0.012269626511409979
0.012217369708052104
0.01216542148773042
0.012113778935531967
0.012062438859877456
0.012011398299513393
0.0119606546771034
0.011910205582619952
0.011860047618179438
0.011810178765070399
0.011760596667078833
0.011711298583446678
0.011662282341166596
0.011613545870254179
0.011565086969976827
0.011516903730659105
0.011468993788989997
0.011421355856594708
0.011373987949496577
0.011326888362044076
0.01128005546144876
0.011233488004350499
0.011187184409180203
0.011141143550029252
0.011095364206565275
0.011049845298020344
0.011004585936173837
0.010959585274656227
0.010914842585137485
0.010870357060417156
0.010826128554062186
0.010782156545340605
0.010738440588636662
0.010694980881778055
0.010651777215702062
0.010608829644888842
0.01056613877385203
0.010523704791669421
0.010481528264221777
0.01043961000574561
0.010397950692695243
0.010356551610552083
0.01031541359163477
0.010274538590106847
0.010233927618337926
0.010193582422867975
0.010153505219686162
0.01011369780946284
0.010074162649762786
0.010034902270290837
0.009995919377558896
0.00995721657338089
0.009918797741848463
0.00988066567643273
0.009842824415049708
0.009805277641461036
0.009768029685561622
0.009731085104903467
0.009694448553632398
0.009658125311716363
0.009622120559602805
0.009586440046054292
0.009551090185046589
0.00951607708015147
0.009481407939044981
0.00944708971501078
0.009413130145242015
0.00937953748147752
0.009346320182607382
0.009313487433443606
0.00928104871889053
0.0092490141014358
0.009217394440444492
0.009186201073689074
0.009155445689876448
0.009125141014393245
0.009095300384730144
0.00906593774259933
0.009037068140581077
0.009008706752433517
0.008980870804241686
0.008953577341918526
0.008926844751976575
0.008900693185670215
0.008875142774667017
0.008850215680493082
0.00882593509330729
0.008802325395647232
0.00877941295361163
0.008757224992421353
0.008735791180597675
0.00871514234137482
0.008695311656199616
0.00867633422675284
0.008658247349420466
0.00864109090151702
0.008624907049555361
0.008609741125570208
0.008595641140987426
0.008582658464097922
0.008570847924557751
0.008560267791745714
0.008550980610462385
0.008543052843510719
0.008536555027565037
0.00853156194653846
0.008528152438364448
0.00852640756125218
0.00852640756125218
