0.514955793549242
0.5197782838784484
0.5293543499033968
0.5436725277943322
0.5627386159018309
0.586511170025784
0.6147837092653033
0.6469572230427499
0.6815907051330405
0.7155103154702136
0.7420955768100412
0.7483666780589574
0.712183898032653
0.6098539659207944
0.4570913751286184
0.3277605039153382
0.2580264656608392
0.22600887575134845
0.2091270366036153
0.19791103235442462
0.18913561556776645
0.1816167993984683
0.17485637232014098
0.16862522133624247
0.16281186846067344
0.15735735530210476
0.15222514213367055
0.14738766912601262
0.14282114171448787
0.13850400387535386
0.1344167004376308
0.13054165804823042
0.12686316353986968
0.12336713971508557
0.1200408990104824
0.11687293061465008
0.11385273546356169
0.11097070434951221
0.10821802188925088
0.1055865865847446
0.10306894328488393
0.10065821977809374
0.09834807217865409
0.09613263560574566
0.09400648070785102
0.09196457288762366
0.0900022390750861
0.08811513528834516
0.08629921911946357
0.0845507242546244
0.08286613726269981
0.08124217793769994
0.0796757795578097
0.07816407322966881
0.0767043717292066
0.07529415536796534
0.07393106027085755
0.07261286608914846
0.07133748532760696
0.0701029547780365
0.06890742515697001
0.06774915435904104
0.06662649904570521
0.0655379085511635
0.06448191819213529
0.06345714367913426
0.06246227555340277
0.061496074464877114
0.0605573669457149
0.0596450407433477
0.05875804053157485
0.05789536608142183
0.057056066280047314
0.056239239006974875
0.05544402553825318
0.05466960941806279
0.05391521408870643
0.05318009979760828
0.05246356142880552
0.051764928027827166
0.05108355825660766
0.05041884110098544
0.049770193519678776
0.04913705763104944
0.048518901642148296
0.047915215680615734
0.04732551389659301
0.04674932985373668
0.04618621804710334
0.04563575131494722
0.04509752072355856
0.04457113427072327
0.04405621605519865
0.04355240541002534
0.04305935665292104
0.04257673733071375
0.04210422883664962
0.04164152454347186
0.04118833044975395
0.04074436313265679
0.04030935050361221
0.03988303102702983
0.03946515222545889
0.03905547203987569
0.038653756656613567
0.038259781119822096
0.03787332854767078
0.03749419024974611
0.03712216442587486
0.03675705703565836
0.03639868050640765
0.036046853840037925
0.03570140255090026
0.03536215802172
0.03502895731366407
0.03470164312495005
0.03438006338885818
0.034064071161457855
0.03375352425227678
0.03344828530081875
0.033148221362452726
0.03285320375521398
0.032563107982967326
0.032277813374287666
0.031997203361575625
0.0317211648087865
0.03144958828673425
0.031182367551770132
0.030919399627075964
0.030660585047368395
0.030405826872802265
0.030155031473731865
0.02990810776843253
0.029664967491267936
0.029425524839914757
0.029189696927946002
0.028957402756506427
0.028728564035049163
0.028503104533398056
0.028280950224029235
0.028062029379985004
0.02784627188163177
0.02763360996597604
0.02742397758491679
0.02721731051215294
0.0270135462436863
0.02681262406923975
0.026614484922522372
0.026419071211237762
0.026226327078763864
0.02603619778773438
0.025848630508261958
0.02566357353994921
0.02548097646930065
0.025300790331812418
0.025122967474658083
0.024947461159343584
0.024774226235886244
0.024603218409050054
0.024434394591011342
0.024267712787192783
0.024103132008258712
0.023940612328969598
0.023780114798981962
0.02362160123358751
0.023465034759378268
0.023310378970834596
0.023157598577362864
0.023006659190417195
0.02285752691891927
0.022710169032566993
0.022564553477557633
0.02242064865040769
0.022278424045167347
0.02213784976940013
0.021998896474702313
0.02186153563169694
0.021725739228278303
0.021591480051712433
0.02145873138232196
0.021327467043568384
0.02119766161947942
0.021069290053332114
0.020942327933754494
0.020816751435558188
0.020692537161449424
0.02056966227360675
0.02044810430493072
0.02032784144221473
0.020208852261913133
0.020091115842963508
0.01997461146866234
0.0198593191303133
0.019745219067097888
0.01963229220668658
0.019520519444741688
0.019409882362165613
0.019300362778733777
0.019191942919598384
0.01908460545864505
0.01897833347314641
0.01887310993002556
0.01876891863074825
0.018665743433201088
0.018563568694400286
0.018462379000856066
0.01836215903511261
0.01826289414636314
0.018164569473606337
0.018067171121491137
0.017970684995613776
0.017875097063943555
0.017780394053609323
0.01768656266382988
0.017593590139371153
0.017501463513323694
0.0174101701492344
0.017319697988247597
0.0172300350446528
0.017141169293898695
0.017053089175229134
0.016965783276701236
0.016879240371337565
0.016793449469164928
0.0167083999549102
0.016624080920931768
0.0165404820335574
0.016457592895523405
0.016375403972030328
0.016293905024004463
0.016213085978540702
0.016132937673768572
0.016053450863804206
0.015974616291809546
0.01589642449531501
0.015818866781889724
0.015741934297576282
0.015665619066193716
0.015589911669102927
0.015514804344122028
0.015440288826816443
0.015366356866153617
0.015293000886032637
0.015220212845970084
0.01514798532798478
0.015076310423959594
0.015005180872491641
0.0149345898456011
0.014864529582128697
0.014794993487157668
0.014725973751597255
0.014657465227136955
0.014589459317371324
0.014521951170470533
0.014454932723716918
0.014388398359291524
0.01432234286574044
0.01425675726264302
0.014191638747781189
0.014126978731829377
0.014062773303344425
0.013999014992430463
0.013935699246539408
0.013872820663776382
0.013810372432130659
0.013748350454068903
0.013686748622211276
0.01362556247926282
0.013564786509237037
0.013504414494221304
0.013444443900435268
0.013384867904273382
0.01332568249477566
0.013266883083009376
0.013208463312805216
0.013150423004324742
0.013092751586935458
0.013035450779919425
0.012978510793759782
0.012921932438377798
0.012865707317270233
0.01280983485490039
0.012754307759279337
0.012699125266300529
0.012644281605280453
0.012589773203263608
0.01253559773318633
0.012481749241080923
0.012428227166062277
0.012375025162868243
0.012322142367614126
0.012269573868044796
0.01221731658694662
0.012165369100313803
0.012113725745805336
0.012062385800064728
0.012011345403580608
0.011960601486665
0.011910152470625449
0.011859994414160312
0.011810125352029697
0.011760543642218988
0.011711245273917927
0.01166222897149631
0.011613492501475172
0.011565033953867205
0.011516850029974752
0.01146894101831349
0.011421301955065527
0.011373935378084487
0.011326834662874341
0.011280002273154977
0.011233434859876226
0.01118713111506455
0.011141090497558312
0.011095311120442751
0.011049791845959112
0.0110045333847229
0.010959531878170926
0.01091479003817501
0.010870303889498901
0.010826075890529356
0.01078210379915201
0.010738387847911366
0.010694928313492454
0.010651724507576713
0.010608777328079386
0.010566086209364068
0.010523652561314635
0.010481475945508445
0.010439557789232955
0.010397898325244808
0.010356499860138814
0.010315361549388247
0.010274486906257919
0.010233875335526974
0.010193531236831137
0.010153453231173152
0.010113646503820696
0.010074111209937753
0.010034850798632443
0.009995868420022976
0.009957165271263432
0.009918746930574648
0.009880614439988396
0.009842773953677204
0.009805226638423013
0.009767979182137527
0.009731034456576571
0.009694398251515182
0.009658074839431015
0.009622070191169306
0.00958638995862586
0.009551040156565934
0.009516027054101416
0.009481358127453295
0.009447039803280401
0.00941308067871214
0.009379487527974647
0.009346271144390688
0.009313437651139856
0.009280999575791366
0.009248964770546068
0.00921734551179855
0.009186151971279975
0.009155396718708452
0.009125092005154474
0.009095251815434559
0.009065889041038574
0.009037019254634033
0.009008658209998724
0.008980822442403039
0.008953528818295324
0.00892679630139289
0.008900644972931068
0.008875094319330205
0.008850167897860372
0.008825886215028103
0.00880227806201954
0.008779364165391367
0.008757177423972631
0.008735742948662643
0.008715094567378371
0.008695263522175287
0.008676286351049094
0.008658199421426892
0.008641043084248661
0.00862485903838979
0.00860969319514505
0.008595593311842373
0.008582610500920093
0.008570799978730365
0.008560219594481768
0.008550932685434566
0.008543004575058251
0.008536506802034674
0.008531513560317904
0.00852810412043279
0.008526359124266763
0.008526359124266763
