[0.0025 0.0075 0.0125 0.0175 0.0225 0.0275 0.0325 0.0375 0.0425 0.0475
 0.0525 0.0575 0.0625 0.0675 0.0725 0.0775 0.0825 0.0875 0.0925 0.0975
 0.1025 0.1075 0.1125 0.1175 0.1225 0.1275 0.1325 0.1375 0.1425 0.1475
 0.1525 0.1575 0.1625 0.1675 0.1725 0.1775 0.1825 0.1875 0.1925 0.1975
 0.2025 0.2075 0.2125 0.2175 0.2225 0.2275 0.2325 0.2375 0.2425 0.2475
 0.2525 0.2575 0.2625 0.2675 0.2725 0.2775 0.2825 0.2875 0.2925 0.2975
 0.3025 0.3075 0.3125 0.3175 0.3225 0.3275 0.3325 0.3375 0.3425 0.3475
 0.3525 0.3575 0.3625 0.3675 0.3725 0.3775 0.3825 0.3875 0.3925 0.3975
 0.4025 0.4075 0.4125 0.4175 0.4225 0.4275 0.4325 0.4375 0.4425 0.4475
 0.4525 0.4575 0.4625 0.4675 0.4725 0.4775 0.4825 0.4875 0.4925 0.4975
 0.5025 0.5075 0.5125 0.5175 0.5225 0.5275 0.5325 0.5375 0.5425 0.5475
 0.5525 0.5575 0.5625 0.5675 0.5725 0.5775 0.5825 0.5875 0.5925 0.5975
 0.6025 0.6075 0.6125 0.6175 0.6225 0.6275 0.6325 0.6375 0.6425 0.6475
 0.6525 0.6575 0.6625 0.6675 0.6725 0.6775 0.6825 0.6875 0.6925 0.6975
 0.7025 0.7075 0.7125 0.7175 0.7225 0.7275 0.7325 0.7375 0.7425 0.7475
 0.7525 0.7575 0.7625 0.7675 0.7725 0.7775 0.7825 0.7875 0.7925 0.7975
 0.8025 0.8075 0.8125 0.8175 0.8225 0.8275 0.8325 0.8375 0.8425 0.8475
 0.8525 0.8575 0.8625 0.8675 0.8725 0.8775 0.8825 0.8875 0.8925 0.8975
 0.9025 0.9075 0.9125 0.9175 0.9225 0.9275 0.9325 0.9375 0.9425 0.9475
 0.9525 0.9575 0.9625 0.9675 0.9725 0.9775 0.9825 0.9875 0.9925 0.9975
 1.0025 1.0075 1.0125 1.0175 1.0225 1.0275 1.0325 1.0375 1.0425 1.0475
 1.0525 1.0575 1.0625 1.0675 1.0725 1.0775 1.0825 1.0875 1.0925 1.0975
 1.1025 1.1075 1.1125 1.1175 1.1225 1.1275 1.1325 1.1375 1.1425 1.1475
 1.1525 1.1575 1.1625 1.1675 1.1725 1.1775 1.1825 1.1875 1.1925 1.1975
 1.2025 1.2075 1.2125 1.2175 1.2225 1.2275 1.2325 1.2375 1.2425 1.2475
 1.2525 1.2575 1.2625 1.2675 1.2725 1.2775 1.2825 1.2875 1.2925 1.2975
 1.3025 1.3075 1.3125 1.3175 1.3225 1.3275 1.3325 1.3375 1.3425 1.3475
 1.3525 1.3575 1.3625 1.3675 1.3725 1.3775 1.3825 1.3875 1.3925 1.3975
 1.4025 1.4075 1.4125 1.4175 1.4225 1.4275 1.4325 1.4375 1.4425 1.4475
 1.4525 1.4575 1.4625 1.4675 1.4725 1.4775 1.4825 1.4875 1.4925 1.4975
 1.5025 1.5075 1.5125 1.5175 1.5225 1.5275 1.5325 1.5375 1.5425 1.5475
 1.5525 1.5575 1.5625 1.5675 1.5725 1.5775 1.5825 1.5875 1.5925 1.5975
 1.6025 1.6075 1.6125 1.6175 1.6225 1.6275 1.6325 1.6375 1.6425 1.6475
 1.6525 1.6575 1.6625 1.6675 1.6725 1.6775 1.6825 1.6875 1.6925 1.6975
 1.7025 1.7075 1.7125 1.7175 1.7225 1.7275 1.7325 1.7375 1.7425 1.7475
 1.7525 1.7575 1.7625 1.7675 1.7725 1.7775 1.7825 1.7875 1.7925 1.7975
 1.8025 1.8075 1.8125 1.8175 1.8225 1.8275 1.8325 1.8375 1.8425 1.8475
 1.8525 1.8575 1.8625 1.8675 1.8725 1.8775 1.8825 1.8875 1.8925 1.8975
 1.9025 1.9075 1.9125 1.9175 1.9225 1.9275 1.9325 1.9375 1.9425 1.9475
 1.9525 1.9575 1.9625 1.9675 1.9725 1.9775 1.9825 1.9875 1.9925 1.9975]